1 0.0001 2636
2 0.0001 754
3 0.0001 69
4 0.0001 48
5 0.0001 720
6 0.0001 2233
7 0.0001 18
8 0.0001 0
9 0.0001 0
10 0.0002 261
11 0.0002 895
12 0.0002 248
13 0.0002 389
14 0.0002 21
15 0.0002 127
16 0.0002 155
17 0.0002 4
18 0.0002 2205
19 0.0002 348
20 0.0003 217
21 0.0003 676
22 0.0003 115
23 0.0003 2203
24 0.0003 756
25 0.0003 342
26 0.0003 1242
27 0.0003 1035
28 0.0003 665
29 0.0003 209
30 0.0004 441
31 0.0004 677
32 0.0004 13
33 0.0004 414
34 0.0004 249
35 0.0004 4
36 0.0004 22
37 0.0004 865
38 0.0004 1798
39 0.0004 54
40 0.0005 533
41 0.0005 173
42 0.0005 17
43 0.0005 135
44 0.0005 1322
45 0.0005 163
46 0.0005 341
47 0.0005 357
48 0.0005 1978
49 0.0005 1272
50 0.0006 79
51 0.0006 31
52 0.0006 234
53 0.0006 289
54 0.0006 621
55 0.0006 568
56 0.0006 203
57 0.0006 145
58 0.0006 145
59 0.0006 713
60 0.0007 130
61 0.0007 122
62 0.0007 284
63 0.0007 954
64 0.0007 1008
65 0.0007 596
66 0.0007 341
67 0.0007 285
68 0.0007 1244
69 0.0007 380
70 0.0008 111
71 0.0008 312
72 0.0008 132
73 0.0008 72
74 0.0008 34
75 0.0008 27
76 0.0008 172
77 0.0008 114
78 0.0008 808
79 0.0008 889
80 0.0009 378
81 0.0009 653
82 0.0009 477
83 0.0009 1535
84 0.0009 411
85 0.0009 16
86 0.0009 41
87 0.0009 518
88 0.0009 189
89 0.0009 1382
90 0.001 326
91 0.001 149
92 0.001 192
93 0.001 972
94 0.001 182
95 0.001 531
96 0.001 56
97 0.001 109
98 0.001 420
99 0.001 142
100 0.0011 198
101 0.0011 270
102 0.0011 173
103 0.0011 162
104 0.0011 104
105 0.0011 223
106 0.0011 83
107 0.0011 95
108 0.0011 253
109 0.0011 351
110 0.0012 379
111 0.0012 417
112 0.0012 145
113 0.0012 48
114 0.0012 426
115 0.0012 769
116 0.0012 169
117 0.0012 80
118 0.0012 46
119 0.0012 49
120 0.0013 66
121 0.0013 109
122 0.0013 315
123 0.0013 128
124 0.0013 307
125 0.0013 492
126 0.0013 142
127 0.0013 413
128 0.0013 287
129 0.0013 234
130 0.0014 283
131 0.0014 60
132 0.0014 244
133 0.0014 259
134 0.0014 124
135 0.0014 415
136 0.0014 163
137 0.0014 385
138 0.0014 74
139 0.0014 211
140 0.0015 149
141 0.0015 522
142 0.0015 81
143 0.0015 209
144 0.0015 273
145 0.0015 108
146 0.0015 304
147 0.0015 477
148 0.0015 55
149 0.0015 271
150 0.0016 121
151 0.0016 229
152 0.0016 67
153 0.0016 168
154 0.0016 49
155 0.0016 129
156 0.0016 145
157 0.0016 161
158 0.0016 147
159 0.0016 105
160 0.0017 122
161 0.0017 227
162 0.0017 111
163 0.0017 87
164 0.0017 232
165 0.0017 499
166 0.0017 235
167 0.0017 74
168 0.0017 142
169 0.0017 216
170 0.0018 247
171 0.0018 134
172 0.0018 206
173 0.0018 274
174 0.0018 178
175 0.0018 349
176 0.0018 351
177 0.0018 171
178 0.0018 226
179 0.0018 287
180 0.0019 244
181 0.0019 170
182 0.0019 194
183 0.0019 386
184 0.0019 183
185 0.0019 326
186 0.0019 310
187 0.0019 113
188 0.0019 218
189 0.0019 120
190 0.002 118
191 0.002 83
192 0.002 94
193 0.002 80
194 0.002 81
195 0.002 31
196 0.002 190
197 0.002 331
198 0.002 137
199 0.002 55
200 0.0021 127
201 0.0021 113
202 0.0021 92
203 0.0021 55
204 0.0021 176
205 0.0021 76
206 0.0021 160
207 0.0021 237
208 0.0021 397
209 0.0021 113
210 0.0022 215
211 0.0022 54
212 0.0022 56
213 0.0022 454
214 0.0022 227
215 0.0022 101
216 0.0022 183
217 0.0022 47
218 0.0022 101
219 0.0022 241
220 0.0023 193
221 0.0023 278
222 0.0023 158
223 0.0023 122
224 0.0023 104
225 0.0023 119
226 0.0023 189
227 0.0023 102
228 0.0023 460
229 0.0023 125
230 0.0024 101
231 0.0024 121
232 0.0024 43
233 0.0024 213
234 0.0024 111
235 0.0024 54
236 0.0024 153
237 0.0024 58
238 0.0024 47
239 0.0024 241
240 0.0025 168
241 0.0025 107
242 0.0025 118
243 0.0025 118
244 0.0025 103
245 0.0025 178
246 0.0025 179
247 0.0025 75
248 0.0025 300
249 0.0025 129
250 0.0026 96
251 0.0026 95
252 0.0026 165
253 0.0026 107
254 0.0026 142
255 0.0026 236
256 0.0026 131
257 0.0026 206
258 0.0026 267
259 0.0026 331
260 0.0027 126
261 0.0027 97
262 0.0027 147
263 0.0027 219
264 0.0027 175
265 0.0027 117
266 0.0027 137
267 0.0027 149
268 0.0027 119
269 0.0027 85
270 0.0028 116
271 0.0028 241
272 0.0028 166
273 0.0028 70
274 0.0028 143
275 0.0028 100
276 0.0028 62
277 0.0028 237
278 0.0028 102
279 0.0028 109
280 0.0029 98
281 0.0029 112
282 0.0029 91
283 0.0029 108
284 0.0029 182
285 0.0029 180
286 0.0029 90
287 0.0029 63
288 0.0029 298
289 0.0029 71
290 0.003 122
291 0.003 77
292 0.003 87
293 0.003 79
294 0.003 83
295 0.003 206
296 0.003 153
297 0.003 148
298 0.003 104
299 0.003 97
300 0.0031 105
301 0.0031 69
302 0.0031 247
303 0.0031 86
304 0.0031 106
305 0.0031 177
306 0.0031 37
307 0.0031 81
308 0.0031 100
309 0.0031 131
310 0.0032 232
311 0.0032 58
312 0.0032 253
313 0.0032 81
314 0.0032 117
315 0.0032 153
316 0.0032 237
317 0.0032 158
318 0.0032 50
319 0.0032 63
320 0.0033 33
321 0.0033 135
322 0.0033 149
323 0.0033 47
324 0.0033 119
325 0.0033 109
326 0.0033 120
327 0.0033 271
328 0.0033 68
329 0.0033 167
330 0.0034 46
331 0.0034 111
332 0.0034 96
333 0.0034 111
334 0.0034 106
335 0.0034 115
336 0.0034 103
337 0.0034 78
338 0.0034 125
339 0.0034 115
340 0.0035 219
341 0.0035 194
342 0.0035 70
343 0.0035 133
344 0.0035 117
345 0.0035 172
346 0.0035 108
347 0.0035 69
348 0.0035 132
349 0.0035 98
350 0.0036 89
351 0.0036 86
352 0.0036 102
353 0.0036 119
354 0.0036 43
355 0.0036 67
356 0.0036 148
357 0.0036 170
358 0.0036 117
359 0.0036 129
360 0.0037 117
361 0.0037 155
362 0.0037 160
363 0.0037 117
364 0.0037 77
365 0.0037 124
366 0.0037 91
367 0.0037 81
368 0.0037 79
369 0.0037 136
370 0.0038 70
371 0.0038 130
372 0.0038 104
373 0.0038 50
374 0.0038 73
375 0.0038 226
376 0.0038 41
377 0.0038 73
378 0.0038 140
379 0.0038 81
380 0.0039 88
381 0.0039 91
382 0.0039 73
383 0.0039 130
384 0.0039 84
385 0.0039 164
386 0.0039 104
387 0.0039 69
388 0.0039 149
389 0.0039 200
390 0.004 53
391 0.004 66
392 0.004 130
393 0.004 67
394 0.004 90
395 0.004 139
396 0.004 141
397 0.004 61
398 0.004 47
399 0.004 118
400 0.0041 92
401 0.0041 64
402 0.0041 118
403 0.0041 79
404 0.0041 181
405 0.0041 94
406 0.0041 61
407 0.0041 74
408 0.0041 60
409 0.0041 102
410 0.0042 123
411 0.0042 146
412 0.0042 120
413 0.0042 117
414 0.0042 97
415 0.0042 82
416 0.0042 53
417 0.0042 53
418 0.0042 107
419 0.0042 109
420 0.0043 90
421 0.0043 210
422 0.0043 84
423 0.0043 101
424 0.0043 83
425 0.0043 119
426 0.0043 50
427 0.0043 104
428 0.0043 172
429 0.0043 70
430 0.0044 96
431 0.0044 83
432 0.0044 85
433 0.0044 96
434 0.0044 86
435 0.0044 81
436 0.0044 51
437 0.0044 102
438 0.0044 86
439 0.0044 160
440 0.0045 67
441 0.0045 79
442 0.0045 121
443 0.0045 66
444 0.0045 84
445 0.0045 107
446 0.0045 40
447 0.0045 138
448 0.0045 65
449 0.0045 75
450 0.0046 132
451 0.0046 86
452 0.0046 112
453 0.0046 73
454 0.0046 80
455 0.0046 88
456 0.0046 114
457 0.0046 93
458 0.0046 99
459 0.0046 148
460 0.0047 112
461 0.0047 191
462 0.0047 88
463 0.0047 31
464 0.0047 103
465 0.0047 190
466 0.0047 139
467 0.0047 114
468 0.0047 68
469 0.0047 58
470 0.0048 74
471 0.0048 104
472 0.0048 101
473 0.0048 69
474 0.0048 72
475 0.0048 81
476 0.0048 58
477 0.0048 135
478 0.0048 93
479 0.0048 54
480 0.0049 121
481 0.0049 80
482 0.0049 76
483 0.0049 55
484 0.0049 94
485 0.0049 67
486 0.0049 139
487 0.0049 60
488 0.0049 102
489 0.0049 23
490 0.005 45
491 0.005 81
492 0.005 147
493 0.005 41
494 0.005 46
495 0.005 71
496 0.005 51
497 0.005 93
498 0.005 130
499 0.005 65
500 0.0051 78
501 0.0051 61
502 0.0051 101
503 0.0051 105
504 0.0051 61
505 0.0051 62
506 0.0051 73
507 0.0051 117
508 0.0051 63
509 0.0051 41
510 0.0052 122
511 0.0052 87
512 0.0052 83
513 0.0052 75
514 0.0052 70
515 0.0052 106
516 0.0052 67
517 0.0052 87
518 0.0052 96
519 0.0052 78
520 0.0053 77
521 0.0053 113
522 0.0053 45
523 0.0053 79
524 0.0053 98
525 0.0053 49
526 0.0053 108
527 0.0053 107
528 0.0053 99
529 0.0053 122
530 0.0054 64
531 0.0054 109
532 0.0054 35
533 0.0054 84
534 0.0054 55
535 0.0054 56
536 0.0054 63
537 0.0054 62
538 0.0054 161
539 0.0054 98
540 0.0055 56
541 0.0055 97
542 0.0055 54
543 0.0055 95
544 0.0055 48
545 0.0055 64
546 0.0055 60
547 0.0055 85
548 0.0055 122
549 0.0055 83
550 0.0056 79
551 0.0056 33
552 0.0056 59
553 0.0056 58
554 0.0056 27
555 0.0056 72
556 0.0056 88
557 0.0056 71
558 0.0056 60
559 0.0056 135
560 0.0057 74
561 0.0057 83
562 0.0057 97
563 0.0057 45
564 0.0057 56
565 0.0057 103
566 0.0057 63
567 0.0057 135
568 0.0057 120
569 0.0057 57
570 0.0058 65
571 0.0058 57
572 0.0058 71
573 0.0058 70
574 0.0058 37
575 0.0058 79
576 0.0058 87
577 0.0058 67
578 0.0058 112
579 0.0058 42
580 0.0059 69
581 0.0059 86
582 0.0059 69
583 0.0059 86
584 0.0059 87
585 0.0059 85
586 0.0059 64
587 0.0059 50
588 0.0059 50
589 0.0059 46
590 0.006 45
591 0.006 55
592 0.006 83
593 0.006 105
594 0.006 73
595 0.006 105
596 0.006 36
597 0.006 95
598 0.006 68
599 0.006 72
600 0.0061 71
601 0.0061 51
602 0.0061 50
603 0.0061 50
604 0.0061 93
605 0.0061 40
606 0.0061 46
607 0.0061 62
608 0.0061 68
609 0.0061 65
610 0.0062 48
611 0.0062 31
612 0.0062 50
613 0.0062 70
614 0.0062 55
615 0.0062 32
616 0.0062 48
617 0.0062 87
618 0.0062 52
619 0.0062 61
620 0.0063 31
621 0.0063 60
622 0.0063 26
623 0.0063 111
624 0.0063 62
625 0.0063 73
626 0.0063 78
627 0.0063 83
628 0.0063 64
629 0.0063 62
630 0.0064 85
631 0.0064 40
632 0.0064 79
633 0.0064 30
634 0.0064 55
635 0.0064 66
636 0.0064 58
637 0.0064 63
638 0.0064 71
639 0.0064 67
640 0.0065 65
641 0.0065 68
642 0.0065 74
643 0.0065 66
644 0.0065 62
645 0.0065 48
646 0.0065 48
647 0.0065 54
648 0.0065 87
649 0.0065 75
650 0.0066 66
651 0.0066 64
652 0.0066 64
653 0.0066 54
654 0.0066 56
655 0.0066 45
656 0.0066 91
657 0.0066 66
658 0.0066 46
659 0.0066 69
660 0.0067 57
661 0.0067 58
662 0.0067 31
663 0.0067 83
664 0.0067 70
665 0.0067 72
666 0.0067 135
667 0.0067 69
668 0.0067 62
669 0.0067 37
670 0.0068 116
671 0.0068 39
672 0.0068 68
673 0.0068 81
674 0.0068 31
675 0.0068 81
676 0.0068 72
677 0.0068 69
678 0.0068 101
679 0.0068 44
680 0.0069 62
681 0.0069 52
682 0.0069 44
683 0.0069 40
684 0.0069 64
685 0.0069 61
686 0.0069 61
687 0.0069 72
688 0.0069 72
689 0.0069 53
690 0.007 117
691 0.007 46
692 0.007 75
693 0.007 75
694 0.007 38
695 0.007 71
696 0.007 51
697 0.007 30
698 0.007 58
699 0.007 28
700 0.0071 52
701 0.0071 52
702 0.0071 57
703 0.0071 34
704 0.0071 69
705 0.0071 72
706 0.0071 61
707 0.0071 77
708 0.0071 72
709 0.0071 54
710 0.0072 36
711 0.0072 95
712 0.0072 57
713 0.0072 30
714 0.0072 39
715 0.0072 51
716 0.0072 48
717 0.0072 88
718 0.0072 46
719 0.0072 45
720 0.0073 69
721 0.0073 43
722 0.0073 64
723 0.0073 54
724 0.0073 62
725 0.0073 69
726 0.0073 56
727 0.0073 45
728 0.0073 38
729 0.0073 75
730 0.0074 88
731 0.0074 60
732 0.0074 49
733 0.0074 54
734 0.0074 41
735 0.0074 43
736 0.0074 53
737 0.0074 38
738 0.0074 33
739 0.0074 66
740 0.0075 39
741 0.0075 45
742 0.0075 75
743 0.0075 56
744 0.0075 75
745 0.0075 72
746 0.0075 81
747 0.0075 64
748 0.0075 39
749 0.0075 62
750 0.0076 48
751 0.0076 48
752 0.0076 25
753 0.0076 48
754 0.0076 33
755 0.0076 32
756 0.0076 63
757 0.0076 68
758 0.0076 52
759 0.0076 44
760 0.0077 115
761 0.0077 64
762 0.0077 65
763 0.0077 46
764 0.0077 37
765 0.0077 47
766 0.0077 40
767 0.0077 55
768 0.0077 35
769 0.0077 38
770 0.0078 73
771 0.0078 35
772 0.0078 82
773 0.0078 52
774 0.0078 38
775 0.0078 54
776 0.0078 42
777 0.0078 49
778 0.0078 40
779 0.0078 44
780 0.0079 80
781 0.0079 55
782 0.0079 58
783 0.0079 44
784 0.0079 44
785 0.0079 33
786 0.0079 67
787 0.0079 42
788 0.0079 65
789 0.0079 63
790 0.008 73
791 0.008 39
792 0.008 45
793 0.008 61
794 0.008 45
795 0.008 49
796 0.008 61
797 0.008 39
798 0.008 50
799 0.008 42
800 0.0081 74
801 0.0081 55
802 0.0081 61
803 0.0081 77
804 0.0081 50
805 0.0081 43
806 0.0081 51
807 0.0081 65
808 0.0081 41
809 0.0081 74
810 0.0082 47
811 0.0082 53
812 0.0082 54
813 0.0082 53
814 0.0082 45
815 0.0082 43
816 0.0082 47
817 0.0082 65
818 0.0082 42
819 0.0082 56
820 0.0083 35
821 0.0083 68
822 0.0083 52
823 0.0083 42
824 0.0083 67
825 0.0083 46
826 0.0083 60
827 0.0083 38
828 0.0083 38
829 0.0083 43
830 0.0084 48
831 0.0084 45
832 0.0084 75
833 0.0084 64
834 0.0084 51
835 0.0084 47
836 0.0084 41
837 0.0084 50
838 0.0084 31
839 0.0084 27
840 0.0085 54
841 0.0085 41
842 0.0085 56
843 0.0085 51
844 0.0085 56
845 0.0085 59
846 0.0085 36
847 0.0085 50
848 0.0085 37
849 0.0085 52
850 0.0086 40
851 0.0086 79
852 0.0086 54
853 0.0086 84
854 0.0086 44
855 0.0086 36
856 0.0086 33
857 0.0086 34
858 0.0086 52
859 0.0086 39
860 0.0087 62
861 0.0087 39
862 0.0087 36
863 0.0087 38
864 0.0087 52
865 0.0087 47
866 0.0087 39
867 0.0087 54
868 0.0087 85
869 0.0087 40
870 0.0088 40
871 0.0088 32
872 0.0088 52
873 0.0088 80
874 0.0088 43
875 0.0088 65
876 0.0088 34
877 0.0088 49
878 0.0088 46
879 0.0088 36
880 0.0089 22
881 0.0089 49
882 0.0089 43
883 0.0089 48
884 0.0089 62
885 0.0089 38
886 0.0089 48
887 0.0089 28
888 0.0089 31
889 0.0089 41
890 0.009 34
891 0.009 46
892 0.009 36
893 0.009 41
894 0.009 39
895 0.009 56
896 0.009 49
897 0.009 34
898 0.009 28
899 0.009 75
900 0.0091 45
901 0.0091 27
902 0.0091 49
903 0.0091 61
904 0.0091 33
905 0.0091 42
906 0.0091 65
907 0.0091 32
908 0.0091 24
909 0.0091 31
910 0.0092 27
911 0.0092 34
912 0.0092 38
913 0.0092 46
914 0.0092 31
915 0.0092 52
916 0.0092 35
917 0.0092 42
918 0.0092 31
919 0.0092 55
920 0.0093 66
921 0.0093 51
922 0.0093 37
923 0.0093 32
924 0.0093 40
925 0.0093 36
926 0.0093 26
927 0.0093 31
928 0.0093 32
929 0.0093 70
930 0.0094 27
931 0.0094 40
932 0.0094 53
933 0.0094 38
934 0.0094 33
935 0.0094 65
936 0.0094 39
937 0.0094 69
938 0.0094 26
939 0.0094 38
940 0.0095 36
941 0.0095 42
942 0.0095 41
943 0.0095 48
944 0.0095 29
945 0.0095 23
946 0.0095 40
947 0.0095 75
948 0.0095 40
949 0.0095 33
950 0.0096 59
951 0.0096 29
952 0.0096 48
953 0.0096 54
954 0.0096 46
955 0.0096 26
956 0.0096 57
957 0.0096 45
958 0.0096 29
959 0.0096 48
960 0.0097 35
961 0.0097 40
962 0.0097 49
963 0.0097 44
964 0.0097 36
965 0.0097 49
966 0.0097 43
967 0.0097 34
968 0.0097 40
969 0.0097 38
970 0.0098 39
971 0.0098 45
972 0.0098 34
973 0.0098 38
974 0.0098 34
975 0.0098 46
976 0.0098 51
977 0.0098 35
978 0.0098 49
979 0.0098 53
980 0.0099 57
981 0.0099 32
982 0.0099 44
983 0.0099 49
984 0.0099 44
985 0.0099 32
986 0.0099 50
987 0.0099 24
988 0.0099 34
989 0.0099 25
990 0.01 33
991 0.01 42
992 0.01 31
993 0.01 32
994 0.01 24
995 0.01 25
996 0.01 40
997 0.01 37
998 0.01 37
999 0.01 41
1000 0.0101 46
1001 0.0101 54
1002 0.0101 45
1003 0.0101 46
1004 0.0101 42
1005 0.0101 52
1006 0.0101 32
1007 0.0101 58
1008 0.0101 37
1009 0.0101 41
1010 0.0102 42
1011 0.0102 39
1012 0.0102 43
1013 0.0102 35
1014 0.0102 61
1015 0.0102 39
1016 0.0102 22
1017 0.0102 37
1018 0.0102 46
1019 0.0102 30
1020 0.0103 41
1021 0.0103 44
1022 0.0103 28
1023 0.0103 32
1024 0.0103 31
1025 0.0103 23
1026 0.0103 46
1027 0.0103 38
1028 0.0103 36
1029 0.0103 42
1030 0.0104 33
1031 0.0104 50
1032 0.0104 37
1033 0.0104 48
1034 0.0104 30
1035 0.0104 28
1036 0.0104 29
1037 0.0104 32
1038 0.0104 43
1039 0.0104 29
1040 0.0105 50
1041 0.0105 30
1042 0.0105 38
1043 0.0105 57
1044 0.0105 52
1045 0.0105 50
1046 0.0105 50
1047 0.0105 29
1048 0.0105 35
1049 0.0105 50
1050 0.0106 29
1051 0.0106 37
1052 0.0106 40
1053 0.0106 34
1054 0.0106 30
1055 0.0106 46
1056 0.0106 30
1057 0.0106 26
1058 0.0106 35
1059 0.0106 34
1060 0.0107 21
1061 0.0107 26
1062 0.0107 40
1063 0.0107 34
1064 0.0107 36
1065 0.0107 26
1066 0.0107 35
1067 0.0107 50
1068 0.0107 34
1069 0.0107 50
1070 0.0108 25
1071 0.0108 58
1072 0.0108 33
1073 0.0108 26
1074 0.0108 33
1075 0.0108 31
1076 0.0108 54
1077 0.0108 48
1078 0.0108 34
1079 0.0108 52
1080 0.0109 15
1081 0.0109 30
1082 0.0109 40
1083 0.0109 25
1084 0.0109 33
1085 0.0109 49
1086 0.0109 29
1087 0.0109 30
1088 0.0109 26
1089 0.0109 49
1090 0.011 36
1091 0.011 56
1092 0.011 33
1093 0.011 37
1094 0.011 40
1095 0.011 43
1096 0.011 60
1097 0.011 28
1098 0.011 74
1099 0.011 34
1100 0.0111 47
1101 0.0111 27
1102 0.0111 51
1103 0.0111 46
1104 0.0111 40
1105 0.0111 53
1106 0.0111 29
1107 0.0111 36
1108 0.0111 52
1109 0.0111 35
1110 0.0112 27
1111 0.0112 18
1112 0.0112 39
1113 0.0112 40
1114 0.0112 57
1115 0.0112 36
1116 0.0112 51
1117 0.0112 31
1118 0.0112 28
1119 0.0112 54
1120 0.0113 42
1121 0.0113 38
1122 0.0113 37
1123 0.0113 26
1124 0.0113 42
1125 0.0113 37
1126 0.0113 26
1127 0.0113 37
1128 0.0113 49
1129 0.0113 29
1130 0.0114 24
1131 0.0114 27
1132 0.0114 39
1133 0.0114 32
1134 0.0114 40
1135 0.0114 40
1136 0.0114 21
1137 0.0114 51
1138 0.0114 34
1139 0.0114 21
1140 0.0115 33
1141 0.0115 36
1142 0.0115 28
1143 0.0115 29
1144 0.0115 59
1145 0.0115 24
1146 0.0115 30
1147 0.0115 53
1148 0.0115 54
1149 0.0115 51
1150 0.0116 25
1151 0.0116 27
1152 0.0116 37
1153 0.0116 32
1154 0.0116 32
1155 0.0116 39
1156 0.0116 43
1157 0.0116 25
1158 0.0116 48
1159 0.0116 46
1160 0.0117 30
1161 0.0117 30
1162 0.0117 40
1163 0.0117 34
1164 0.0117 34
1165 0.0117 33
1166 0.0117 43
1167 0.0117 55
1168 0.0117 38
1169 0.0117 29
1170 0.0118 43
1171 0.0118 33
1172 0.0118 40
1173 0.0118 35
1174 0.0118 27
1175 0.0118 40
1176 0.0118 28
1177 0.0118 34
1178 0.0118 32
1179 0.0118 35
1180 0.0119 51
1181 0.0119 27
1182 0.0119 30
1183 0.0119 25
1184 0.0119 33
1185 0.0119 27
1186 0.0119 38
1187 0.0119 25
1188 0.0119 23
1189 0.0119 25
1190 0.012 55
1191 0.012 45
1192 0.012 29
1193 0.012 20
1194 0.012 26
1195 0.012 22
1196 0.012 35
1197 0.012 42
1198 0.012 22
1199 0.012 27
1200 0.0121 29
1201 0.0121 35
1202 0.0121 35
1203 0.0121 29
1204 0.0121 21
1205 0.0121 25
1206 0.0121 41
1207 0.0121 32
1208 0.0121 41
1209 0.0121 32
1210 0.0122 26
1211 0.0122 27
1212 0.0122 35
1213 0.0122 38
1214 0.0122 31
1215 0.0122 30
1216 0.0122 23
1217 0.0122 26
1218 0.0122 28
1219 0.0122 28
1220 0.0123 23
1221 0.0123 26
1222 0.0123 28
1223 0.0123 33
1224 0.0123 25
1225 0.0123 30
1226 0.0123 32
1227 0.0123 21
1228 0.0123 44
1229 0.0123 30
1230 0.0124 28
1231 0.0124 33
1232 0.0124 48
1233 0.0124 31
1234 0.0124 26
1235 0.0124 27
1236 0.0124 31
1237 0.0124 31
1238 0.0124 20
1239 0.0124 28
1240 0.0125 34
1241 0.0125 27
1242 0.0125 34
1243 0.0125 34
1244 0.0125 32
1245 0.0125 43
1246 0.0125 36
1247 0.0125 47
1248 0.0125 36
1249 0.0125 33
1250 0.0126 38
1251 0.0126 41
1252 0.0126 49
1253 0.0126 31
1254 0.0126 24
1255 0.0126 37
1256 0.0126 39
1257 0.0126 25
1258 0.0126 30
1259 0.0126 36
1260 0.0127 29
1261 0.0127 42
1262 0.0127 20
1263 0.0127 37
1264 0.0127 27
1265 0.0127 25
1266 0.0127 32
1267 0.0127 42
1268 0.0127 31
1269 0.0127 37
1270 0.0128 40
1271 0.0128 32
1272 0.0128 37
1273 0.0128 40
1274 0.0128 31
1275 0.0128 19
1276 0.0128 24
1277 0.0128 41
1278 0.0128 36
1279 0.0128 31
1280 0.0129 28
1281 0.0129 25
1282 0.0129 21
1283 0.0129 40
1284 0.0129 35
1285 0.0129 25
1286 0.0129 33
1287 0.0129 27
1288 0.0129 20
1289 0.0129 24
1290 0.013 39
1291 0.013 23
1292 0.013 26
1293 0.013 24
1294 0.013 29
1295 0.013 38
1296 0.013 30
1297 0.013 26
1298 0.013 29
1299 0.013 33
1300 0.0131 43
1301 0.0131 29
1302 0.0131 45
1303 0.0131 18
1304 0.0131 29
1305 0.0131 30
1306 0.0131 30
1307 0.0131 27
1308 0.0131 27
1309 0.0131 36
1310 0.0132 25
1311 0.0132 34
1312 0.0132 24
1313 0.0132 24
1314 0.0132 23
1315 0.0132 20
1316 0.0132 31
1317 0.0132 19
1318 0.0132 32
1319 0.0132 21
1320 0.0133 26
1321 0.0133 23
1322 0.0133 38
1323 0.0133 32
1324 0.0133 40
1325 0.0133 26
1326 0.0133 29
1327 0.0133 41
1328 0.0133 23
1329 0.0133 43
1330 0.0134 26
1331 0.0134 35
1332 0.0134 23
1333 0.0134 26
1334 0.0134 25
1335 0.0134 36
1336 0.0134 34
1337 0.0134 29
1338 0.0134 34
1339 0.0134 31
1340 0.0135 14
1341 0.0135 27
1342 0.0135 20
1343 0.0135 30
1344 0.0135 33
1345 0.0135 40
1346 0.0135 32
1347 0.0135 30
1348 0.0135 25
1349 0.0135 28
1350 0.0136 20
1351 0.0136 24
1352 0.0136 31
1353 0.0136 30
1354 0.0136 36
1355 0.0136 27
1356 0.0136 28
1357 0.0136 27
1358 0.0136 33
1359 0.0136 26
1360 0.0137 31
1361 0.0137 28
1362 0.0137 28
1363 0.0137 24
1364 0.0137 30
1365 0.0137 36
1366 0.0137 31
1367 0.0137 41
1368 0.0137 24
1369 0.0137 28
1370 0.0138 29
1371 0.0138 34
1372 0.0138 27
1373 0.0138 16
1374 0.0138 22
1375 0.0138 46
1376 0.0138 25
1377 0.0138 26
1378 0.0138 29
1379 0.0138 25
1380 0.0139 19
1381 0.0139 29
1382 0.0139 15
1383 0.0139 30
1384 0.0139 40
1385 0.0139 36
1386 0.0139 25
1387 0.0139 19
1388 0.0139 35
1389 0.0139 43
1390 0.014 24
1391 0.014 20
1392 0.014 29
1393 0.014 30
1394 0.014 27
1395 0.014 25
1396 0.014 25
1397 0.014 20
1398 0.014 36
1399 0.014 22
1400 0.0141 35
1401 0.0141 27
1402 0.0141 26
1403 0.0141 19
1404 0.0141 28
1405 0.0141 26
1406 0.0141 23
1407 0.0141 31
1408 0.0141 27
1409 0.0141 30
1410 0.0142 38
1411 0.0142 14
1412 0.0142 33
1413 0.0142 30
1414 0.0142 19
1415 0.0142 25
1416 0.0142 33
1417 0.0142 20
1418 0.0142 31
1419 0.0142 24
1420 0.0143 31
1421 0.0143 32
1422 0.0143 18
1423 0.0143 26
1424 0.0143 22
1425 0.0143 28
1426 0.0143 34
1427 0.0143 30
1428 0.0143 23
1429 0.0143 24
1430 0.0144 27
1431 0.0144 34
1432 0.0144 23
1433 0.0144 25
1434 0.0144 29
1435 0.0144 16
1436 0.0144 30
1437 0.0144 31
1438 0.0144 23
1439 0.0144 27
1440 0.0145 22
1441 0.0145 19
1442 0.0145 23
1443 0.0145 25
1444 0.0145 33
1445 0.0145 27
1446 0.0145 24
1447 0.0145 30
1448 0.0145 27
1449 0.0145 35
1450 0.0146 29
1451 0.0146 22
1452 0.0146 34
1453 0.0146 25
1454 0.0146 31
1455 0.0146 30
1456 0.0146 29
1457 0.0146 20
1458 0.0146 28
1459 0.0146 26
1460 0.0147 17
1461 0.0147 29
1462 0.0147 23
1463 0.0147 19
1464 0.0147 32
1465 0.0147 12
1466 0.0147 35
1467 0.0147 27
1468 0.0147 24
1469 0.0147 23
1470 0.0148 27
1471 0.0148 36
1472 0.0148 17
1473 0.0148 24
1474 0.0148 23
1475 0.0148 23
1476 0.0148 33
1477 0.0148 18
1478 0.0148 18
1479 0.0148 21
1480 0.0149 41
1481 0.0149 32
1482 0.0149 27
1483 0.0149 28
1484 0.0149 39
1485 0.0149 25
1486 0.0149 20
1487 0.0149 32
1488 0.0149 20
1489 0.0149 30
1490 0.015 15
1491 0.015 23
1492 0.015 26
1493 0.015 25
1494 0.015 35
1495 0.015 26
1496 0.015 25
1497 0.015 15
1498 0.015 28
1499 0.015 17
1500 0.0151 24
1501 0.0151 28
1502 0.0151 20
1503 0.0151 20
1504 0.0151 28
1505 0.0151 27
1506 0.0151 27
1507 0.0151 22
1508 0.0151 25
1509 0.0151 26
1510 0.0152 22
1511 0.0152 28
1512 0.0152 16
1513 0.0152 23
1514 0.0152 21
1515 0.0152 23
1516 0.0152 23
1517 0.0152 32
1518 0.0152 23
1519 0.0152 19
1520 0.0153 19
1521 0.0153 26
1522 0.0153 13
1523 0.0153 17
1524 0.0153 24
1525 0.0153 18
1526 0.0153 21
1527 0.0153 17
1528 0.0153 20
1529 0.0153 25
1530 0.0154 27
1531 0.0154 22
1532 0.0154 22
1533 0.0154 16
1534 0.0154 27
1535 0.0154 24
1536 0.0154 28
1537 0.0154 23
1538 0.0154 25
1539 0.0154 28
1540 0.0155 37
1541 0.0155 32
1542 0.0155 24
1543 0.0155 27
1544 0.0155 24
1545 0.0155 25
1546 0.0155 18
1547 0.0155 27
1548 0.0155 21
1549 0.0155 22
1550 0.0156 31
1551 0.0156 23
1552 0.0156 27
1553 0.0156 17
1554 0.0156 29
1555 0.0156 12
1556 0.0156 25
1557 0.0156 31
1558 0.0156 21
1559 0.0156 25
1560 0.0157 30
1561 0.0157 28
1562 0.0157 22
1563 0.0157 30
1564 0.0157 24
1565 0.0157 39
1566 0.0157 16
1567 0.0157 27
1568 0.0157 28
1569 0.0157 23
1570 0.0158 11
1571 0.0158 30
1572 0.0158 16
1573 0.0158 27
1574 0.0158 24
1575 0.0158 20
1576 0.0158 20
1577 0.0158 31
1578 0.0158 21
1579 0.0158 25
1580 0.0159 29
1581 0.0159 29
1582 0.0159 19
1583 0.0159 22
1584 0.0159 35
1585 0.0159 17
1586 0.0159 26
1587 0.0159 20
1588 0.0159 25
1589 0.0159 28
1590 0.016 34
1591 0.016 27
1592 0.016 20
1593 0.016 28
1594 0.016 23
1595 0.016 21
1596 0.016 18
1597 0.016 18
1598 0.016 21
1599 0.016 21
1600 0.0161 20
1601 0.0161 16
1602 0.0161 21
1603 0.0161 21
1604 0.0161 24
1605 0.0161 23
1606 0.0161 24
1607 0.0161 26
1608 0.0161 17
1609 0.0161 20
1610 0.0162 26
1611 0.0162 23
1612 0.0162 23
1613 0.0162 27
1614 0.0162 19
1615 0.0162 21
1616 0.0162 23
1617 0.0162 31
1618 0.0162 21
1619 0.0162 25
1620 0.0163 24
1621 0.0163 20
1622 0.0163 20
1623 0.0163 23
1624 0.0163 26
1625 0.0163 28
1626 0.0163 22
1627 0.0163 22
1628 0.0163 21
1629 0.0163 25
1630 0.0164 27
1631 0.0164 27
1632 0.0164 22
1633 0.0164 24
1634 0.0164 15
1635 0.0164 25
1636 0.0164 32
1637 0.0164 22
1638 0.0164 24
1639 0.0164 22
1640 0.0165 23
1641 0.0165 36
1642 0.0165 21
1643 0.0165 21
1644 0.0165 28
1645 0.0165 17
1646 0.0165 19
1647 0.0165 21
1648 0.0165 26
1649 0.0165 27
1650 0.0166 28
1651 0.0166 19
1652 0.0166 17
1653 0.0166 24
1654 0.0166 19
1655 0.0166 23
1656 0.0166 18
1657 0.0166 26
1658 0.0166 33
1659 0.0166 30
1660 0.0167 18
1661 0.0167 24
1662 0.0167 20
1663 0.0167 16
1664 0.0167 22
1665 0.0167 17
1666 0.0167 24
1667 0.0167 23
1668 0.0167 20
1669 0.0167 20
1670 0.0168 22
1671 0.0168 29
1672 0.0168 29
1673 0.0168 19
1674 0.0168 28
1675 0.0168 20
1676 0.0168 19
1677 0.0168 26
1678 0.0168 15
1679 0.0168 21
1680 0.0169 16
1681 0.0169 23
1682 0.0169 17
1683 0.0169 31
1684 0.0169 18
1685 0.0169 27
1686 0.0169 15
1687 0.0169 21
1688 0.0169 20
1689 0.0169 21
1690 0.017 15
1691 0.017 18
1692 0.017 24
1693 0.017 23
1694 0.017 28
1695 0.017 22
1696 0.017 28
1697 0.017 16
1698 0.017 17
1699 0.017 17
1700 0.0171 28
1701 0.0171 21
1702 0.0171 20
1703 0.0171 24
1704 0.0171 19
1705 0.0171 25
1706 0.0171 28
1707 0.0171 29
1708 0.0171 22
1709 0.0171 31
1710 0.0172 22
1711 0.0172 22
1712 0.0172 17
1713 0.0172 18
1714 0.0172 21
1715 0.0172 18
1716 0.0172 18
1717 0.0172 22
1718 0.0172 18
1719 0.0172 24
1720 0.0173 15
1721 0.0173 15
1722 0.0173 32
1723 0.0173 18
1724 0.0173 16
1725 0.0173 26
1726 0.0173 23
1727 0.0173 16
1728 0.0173 19
1729 0.0173 23
1730 0.0174 21
1731 0.0174 16
1732 0.0174 25
1733 0.0174 20
1734 0.0174 21
1735 0.0174 22
1736 0.0174 24
1737 0.0174 26
1738 0.0174 16
1739 0.0174 18
1740 0.0175 25
1741 0.0175 25
1742 0.0175 19
1743 0.0175 17
1744 0.0175 15
1745 0.0175 19
1746 0.0175 23
1747 0.0175 30
1748 0.0175 26
1749 0.0175 16
1750 0.0176 25
1751 0.0176 17
1752 0.0176 15
1753 0.0176 19
1754 0.0176 27
1755 0.0176 22
1756 0.0176 26
1757 0.0176 15
1758 0.0176 21
1759 0.0176 18
1760 0.0177 22
1761 0.0177 23
1762 0.0177 16
1763 0.0177 27
1764 0.0177 17
1765 0.0177 16
1766 0.0177 17
1767 0.0177 20
1768 0.0177 16
1769 0.0177 21
1770 0.0178 16
1771 0.0178 17
1772 0.0178 20
1773 0.0178 23
1774 0.0178 23
1775 0.0178 19
1776 0.0178 21
1777 0.0178 26
1778 0.0178 28
1779 0.0178 17
1780 0.0179 18
1781 0.0179 29
1782 0.0179 22
1783 0.0179 23
1784 0.0179 20
1785 0.0179 25
1786 0.0179 19
1787 0.0179 21
1788 0.0179 13
1789 0.0179 16
1790 0.018 15
1791 0.018 24
1792 0.018 18
1793 0.018 20
1794 0.018 14
1795 0.018 25
1796 0.018 22
1797 0.018 13
1798 0.018 22
1799 0.018 22
1800 0.0181 24
1801 0.0181 28
1802 0.0181 17
1803 0.0181 23
1804 0.0181 17
1805 0.0181 16
1806 0.0181 17
1807 0.0181 24
1808 0.0181 27
1809 0.0181 19
1810 0.0182 17
1811 0.0182 24
1812 0.0182 21
1813 0.0182 17
1814 0.0182 15
1815 0.0182 15
1816 0.0182 22
1817 0.0182 20
1818 0.0182 25
1819 0.0182 21
1820 0.0183 17
1821 0.0183 17
1822 0.0183 20
1823 0.0183 22
1824 0.0183 15
1825 0.0183 27
1826 0.0183 17
1827 0.0183 17
1828 0.0183 17
1829 0.0183 21
1830 0.0184 21
1831 0.0184 21
1832 0.0184 18
1833 0.0184 21
1834 0.0184 26
1835 0.0184 22
1836 0.0184 25
1837 0.0184 26
1838 0.0184 15
1839 0.0184 18
1840 0.0185 18
1841 0.0185 19
1842 0.0185 27
1843 0.0185 15
1844 0.0185 14
1845 0.0185 20
1846 0.0185 11
1847 0.0185 19
1848 0.0185 20
1849 0.0185 18
1850 0.0186 16
1851 0.0186 22
1852 0.0186 21
1853 0.0186 18
1854 0.0186 17
1855 0.0186 21
1856 0.0186 20
1857 0.0186 25
1858 0.0186 20
1859 0.0186 20
1860 0.0187 20
1861 0.0187 15
1862 0.0187 25
1863 0.0187 26
1864 0.0187 19
1865 0.0187 17
1866 0.0187 19
1867 0.0187 17
1868 0.0187 21
1869 0.0187 18
1870 0.0188 23
1871 0.0188 24
1872 0.0188 21
1873 0.0188 24
1874 0.0188 19
1875 0.0188 22
1876 0.0188 21
1877 0.0188 15
1878 0.0188 28
1879 0.0188 15
1880 0.0189 20
1881 0.0189 25
1882 0.0189 19
1883 0.0189 18
1884 0.0189 18
1885 0.0189 18
1886 0.0189 18
1887 0.0189 19
1888 0.0189 15
1889 0.0189 14
1890 0.019 14
1891 0.019 20
1892 0.019 17
1893 0.019 20
1894 0.019 13
1895 0.019 22
1896 0.019 18
1897 0.019 16
1898 0.019 20
1899 0.019 18
1900 0.0191 21
1901 0.0191 20
1902 0.0191 21
1903 0.0191 15
1904 0.0191 14
1905 0.0191 21
1906 0.0191 17
1907 0.0191 17
1908 0.0191 27
1909 0.0191 23
1910 0.0192 22
1911 0.0192 20
1912 0.0192 20
1913 0.0192 18
1914 0.0192 25
1915 0.0192 16
1916 0.0192 16
1917 0.0192 16
1918 0.0192 15
1919 0.0192 24
1920 0.0193 18
1921 0.0193 22
1922 0.0193 24
1923 0.0193 17
1924 0.0193 15
1925 0.0193 18
1926 0.0193 14
1927 0.0193 25
1928 0.0193 24
1929 0.0193 16
1930 0.0194 21
1931 0.0194 15
1932 0.0194 21
1933 0.0194 22
1934 0.0194 20
1935 0.0194 23
1936 0.0194 20
1937 0.0194 12
1938 0.0194 16
1939 0.0194 14
1940 0.0195 21
1941 0.0195 19
1942 0.0195 19
1943 0.0195 18
1944 0.0195 19
1945 0.0195 15
1946 0.0195 16
1947 0.0195 24
1948 0.0195 17
1949 0.0195 20
1950 0.0196 23
1951 0.0196 19
1952 0.0196 15
1953 0.0196 21
1954 0.0196 18
1955 0.0196 17
1956 0.0196 17
1957 0.0196 17
1958 0.0196 16
1959 0.0196 17
1960 0.0197 21
1961 0.0197 15
1962 0.0197 20
1963 0.0197 16
1964 0.0197 22
1965 0.0197 21
1966 0.0197 15
1967 0.0197 21
1968 0.0197 17
1969 0.0197 14
1970 0.0198 19
1971 0.0198 17
1972 0.0198 23
1973 0.0198 25
1974 0.0198 15
1975 0.0198 20
1976 0.0198 18
1977 0.0198 16
1978 0.0198 19
1979 0.0198 23
1980 0.0199 15
1981 0.0199 17
1982 0.0199 13
1983 0.0199 20
1984 0.0199 12
1985 0.0199 18
1986 0.0199 16
1987 0.0199 14
1988 0.0199 19
1989 0.0199 19
1990 0.02 22
1991 0.02 21
1992 0.02 20
1993 0.02 18
1994 0.02 17
1995 0.02 16
1996 0.02 19
1997 0.02 26
1998 0.02 16
1999 0.02 16
2000 0.0201 18
2001 0.0201 16
2002 0.0201 17
2003 0.0201 16
2004 0.0201 13
2005 0.0201 19
2006 0.0201 18
2007 0.0201 18
2008 0.0201 21
2009 0.0201 22
2010 0.0202 21
2011 0.0202 18
2012 0.0202 21
2013 0.0202 15
2014 0.0202 16
2015 0.0202 16
2016 0.0202 13
2017 0.0202 15
2018 0.0202 16
2019 0.0202 18
2020 0.0203 12
2021 0.0203 20
2022 0.0203 15
2023 0.0203 15
2024 0.0203 20
2025 0.0203 17
2026 0.0203 21
2027 0.0203 21
2028 0.0203 22
2029 0.0203 18
2030 0.0204 20
2031 0.0204 24
2032 0.0204 18
2033 0.0204 18
2034 0.0204 22
2035 0.0204 23
2036 0.0204 18
2037 0.0204 16
2038 0.0204 13
2039 0.0204 24
2040 0.0205 21
2041 0.0205 15
2042 0.0205 20
2043 0.0205 19
2044 0.0205 20
2045 0.0205 19
2046 0.0205 15
2047 0.0205 15
2048 0.0205 22
2049 0.0205 17
2050 0.0206 21
2051 0.0206 19
2052 0.0206 20
2053 0.0206 16
2054 0.0206 19
2055 0.0206 20
2056 0.0206 22
2057 0.0206 18
2058 0.0206 20
2059 0.0206 16
2060 0.0207 18
2061 0.0207 13
2062 0.0207 16
2063 0.0207 21
2064 0.0207 20
2065 0.0207 17
2066 0.0207 15
2067 0.0207 15
2068 0.0207 14
2069 0.0207 18
2070 0.0208 17
2071 0.0208 14
2072 0.0208 15
2073 0.0208 19
2074 0.0208 19
2075 0.0208 19
2076 0.0208 16
2077 0.0208 18
2078 0.0208 18
2079 0.0208 21
2080 0.0209 16
2081 0.0209 12
2082 0.0209 15
2083 0.0209 18
2084 0.0209 27
2085 0.0209 20
2086 0.0209 16
2087 0.0209 21
2088 0.0209 15
2089 0.0209 13
2090 0.021 15
2091 0.021 21
2092 0.021 18
2093 0.021 19
2094 0.021 20
2095 0.021 16
2096 0.021 12
2097 0.021 14
2098 0.021 16
2099 0.021 18
2100 0.0211 18
2101 0.0211 13
2102 0.0211 13
2103 0.0211 16
2104 0.0211 16
2105 0.0211 17
2106 0.0211 21
2107 0.0211 18
2108 0.0211 14
2109 0.0211 16
2110 0.0212 14
2111 0.0212 21
2112 0.0212 14
2113 0.0212 12
2114 0.0212 20
2115 0.0212 14
2116 0.0212 17
2117 0.0212 19
2118 0.0212 11
2119 0.0212 14
2120 0.0213 16
2121 0.0213 17
2122 0.0213 18
2123 0.0213 20
2124 0.0213 16
2125 0.0213 16
2126 0.0213 14
2127 0.0213 17
2128 0.0213 11
2129 0.0213 16
2130 0.0214 15
2131 0.0214 16
2132 0.0214 16
2133 0.0214 19
2134 0.0214 18
2135 0.0214 21
2136 0.0214 21
2137 0.0214 14
2138 0.0214 13
2139 0.0214 14
2140 0.0215 19
2141 0.0215 15
2142 0.0215 17
2143 0.0215 13
2144 0.0215 17
2145 0.0215 15
2146 0.0215 13
2147 0.0215 15
2148 0.0215 17
2149 0.0215 18
2150 0.0216 14
2151 0.0216 20
2152 0.0216 18
2153 0.0216 14
2154 0.0216 19
2155 0.0216 12
2156 0.0216 11
2157 0.0216 18
2158 0.0216 12
2159 0.0216 12
2160 0.0217 15
2161 0.0217 16
2162 0.0217 17
2163 0.0217 15
2164 0.0217 14
2165 0.0217 10
2166 0.0217 17
2167 0.0217 17
2168 0.0217 22
2169 0.0217 16
2170 0.0218 13
2171 0.0218 14
2172 0.0218 19
2173 0.0218 20
2174 0.0218 21
2175 0.0218 15
2176 0.0218 19
2177 0.0218 21
2178 0.0218 15
2179 0.0218 20
2180 0.0219 17
2181 0.0219 20
2182 0.0219 16
2183 0.0219 20
2184 0.0219 17
2185 0.0219 18
2186 0.0219 15
2187 0.0219 13
2188 0.0219 14
2189 0.0219 14
2190 0.022 12
2191 0.022 17
2192 0.022 19
2193 0.022 12
2194 0.022 19
2195 0.022 18
2196 0.022 13
2197 0.022 10
2198 0.022 19
2199 0.022 14
2200 0.0221 11
2201 0.0221 18
2202 0.0221 15
2203 0.0221 17
2204 0.0221 14
2205 0.0221 23
2206 0.0221 16
2207 0.0221 11
2208 0.0221 19
2209 0.0221 15
2210 0.0222 17
2211 0.0222 13
2212 0.0222 14
2213 0.0222 11
2214 0.0222 13
2215 0.0222 15
2216 0.0222 13
2217 0.0222 20
2218 0.0222 12
2219 0.0222 13
2220 0.0223 16
2221 0.0223 16
2222 0.0223 11
2223 0.0223 14
2224 0.0223 16
2225 0.0223 20
2226 0.0223 15
2227 0.0223 16
2228 0.0223 18
2229 0.0223 20
2230 0.0224 14
2231 0.0224 14
2232 0.0224 11
2233 0.0224 13
2234 0.0224 11
2235 0.0224 13
2236 0.0224 15
2237 0.0224 17
2238 0.0224 15
2239 0.0224 17
2240 0.0225 11
2241 0.0225 15
2242 0.0225 18
2243 0.0225 15
2244 0.0225 17
2245 0.0225 12
2246 0.0225 23
2247 0.0225 12
2248 0.0225 14
2249 0.0225 13
2250 0.0226 17
2251 0.0226 18
2252 0.0226 16
2253 0.0226 16
2254 0.0226 19
2255 0.0226 17
2256 0.0226 14
2257 0.0226 16
2258 0.0226 16
2259 0.0226 18
2260 0.0227 17
2261 0.0227 13
2262 0.0227 18
2263 0.0227 18
2264 0.0227 15
2265 0.0227 19
2266 0.0227 11
2267 0.0227 14
2268 0.0227 14
2269 0.0227 15
2270 0.0228 11
2271 0.0228 19
2272 0.0228 11
2273 0.0228 18
2274 0.0228 21
2275 0.0228 19
2276 0.0228 12
2277 0.0228 15
2278 0.0228 9
2279 0.0228 15
2280 0.0229 14
2281 0.0229 20
2282 0.0229 13
2283 0.0229 9
2284 0.0229 12
2285 0.0229 14
2286 0.0229 12
2287 0.0229 14
2288 0.0229 16
2289 0.0229 17
2290 0.023 14
2291 0.023 16
2292 0.023 15
2293 0.023 15
2294 0.023 16
2295 0.023 15
2296 0.023 13
2297 0.023 16
2298 0.023 15
2299 0.023 16
2300 0.0231 15
2301 0.0231 16
2302 0.0231 17
2303 0.0231 18
2304 0.0231 15
2305 0.0231 18
2306 0.0231 12
2307 0.0231 14
2308 0.0231 16
2309 0.0231 20
2310 0.0232 14
2311 0.0232 16
2312 0.0232 13
2313 0.0232 18
2314 0.0232 15
2315 0.0232 14
2316 0.0232 12
2317 0.0232 13
2318 0.0232 12
2319 0.0232 17
2320 0.0233 14
2321 0.0233 15
2322 0.0233 14
2323 0.0233 21
2324 0.0233 12
2325 0.0233 9
2326 0.0233 16
2327 0.0233 12
2328 0.0233 18
2329 0.0233 14
2330 0.0234 16
2331 0.0234 17
2332 0.0234 11
2333 0.0234 15
2334 0.0234 10
2335 0.0234 16
2336 0.0234 16
2337 0.0234 18
2338 0.0234 16
2339 0.0234 15
2340 0.0235 13
2341 0.0235 13
2342 0.0235 9
2343 0.0235 9
2344 0.0235 16
2345 0.0235 19
2346 0.0235 20
2347 0.0235 15
2348 0.0235 17
2349 0.0235 11
2350 0.0236 11
2351 0.0236 13
2352 0.0236 13
2353 0.0236 14
2354 0.0236 9
2355 0.0236 14
2356 0.0236 15
2357 0.0236 15
2358 0.0236 16
2359 0.0236 17
2360 0.0237 12
2361 0.0237 14
2362 0.0237 19
2363 0.0237 15
2364 0.0237 18
2365 0.0237 15
2366 0.0237 15
2367 0.0237 12
2368 0.0237 13
2369 0.0237 13
2370 0.0238 14
2371 0.0238 15
2372 0.0238 15
2373 0.0238 12
2374 0.0238 18
2375 0.0238 11
2376 0.0238 18
2377 0.0238 13
2378 0.0238 12
2379 0.0238 11
2380 0.0239 15
2381 0.0239 14
2382 0.0239 14
2383 0.0239 18
2384 0.0239 11
2385 0.0239 18
2386 0.0239 16
2387 0.0239 14
2388 0.0239 14
2389 0.0239 11
2390 0.024 17
2391 0.024 14
2392 0.024 12
2393 0.024 16
2394 0.024 14
2395 0.024 12
2396 0.024 12
2397 0.024 9
2398 0.024 11
2399 0.024 15
2400 0.0241 18
2401 0.0241 15
2402 0.0241 16
2403 0.0241 19
2404 0.0241 18
2405 0.0241 26
2406 0.0241 17
2407 0.0241 16
2408 0.0241 11
2409 0.0241 14
2410 0.0242 14
2411 0.0242 12
2412 0.0242 18
2413 0.0242 17
2414 0.0242 11
2415 0.0242 13
2416 0.0242 15
2417 0.0242 12
2418 0.0242 13
2419 0.0242 14
2420 0.0243 14
2421 0.0243 12
2422 0.0243 15
2423 0.0243 14
2424 0.0243 12
2425 0.0243 14
2426 0.0243 14
2427 0.0243 18
2428 0.0243 15
2429 0.0243 12
2430 0.0244 13
2431 0.0244 12
2432 0.0244 12
2433 0.0244 13
2434 0.0244 14
2435 0.0244 16
2436 0.0244 15
2437 0.0244 10
2438 0.0244 19
2439 0.0244 14
2440 0.0245 14
2441 0.0245 15
2442 0.0245 10
2443 0.0245 11
2444 0.0245 12
2445 0.0245 12
2446 0.0245 13
2447 0.0245 15
2448 0.0245 15
2449 0.0245 17
2450 0.0246 20
2451 0.0246 14
2452 0.0246 10
2453 0.0246 13
2454 0.0246 13
2455 0.0246 9
2456 0.0246 13
2457 0.0246 14
2458 0.0246 10
2459 0.0246 8
2460 0.0247 13
2461 0.0247 12
2462 0.0247 13
2463 0.0247 15
2464 0.0247 14
2465 0.0247 14
2466 0.0247 13
2467 0.0247 12
2468 0.0247 12
2469 0.0247 11
2470 0.0248 13
2471 0.0248 16
2472 0.0248 12
2473 0.0248 13
2474 0.0248 14
2475 0.0248 15
2476 0.0248 9
2477 0.0248 12
2478 0.0248 13
2479 0.0248 14
2480 0.0249 13
2481 0.0249 16
2482 0.0249 14
2483 0.0249 12
2484 0.0249 15
2485 0.0249 11
2486 0.0249 18
2487 0.0249 14
2488 0.0249 14
2489 0.0249 14
2490 0.025 10
2491 0.025 16
2492 0.025 9
2493 0.025 15
2494 0.025 14
2495 0.025 14
2496 0.025 11
2497 0.025 13
2498 0.025 15
2499 0.025 15
2500 0.0251 13
2501 0.0251 13
2502 0.0251 11
2503 0.0251 13
2504 0.0251 18
2505 0.0251 16
2506 0.0251 12
2507 0.0251 11
2508 0.0251 14
2509 0.0251 16
2510 0.0252 12
2511 0.0252 14
2512 0.0252 12
2513 0.0252 14
2514 0.0252 12
2515 0.0252 14
2516 0.0252 15
2517 0.0252 11
2518 0.0252 10
2519 0.0252 12
2520 0.0253 12
2521 0.0253 11
2522 0.0253 15
2523 0.0253 13
2524 0.0253 11
2525 0.0253 15
2526 0.0253 16
2527 0.0253 17
2528 0.0253 12
2529 0.0253 14
2530 0.0254 12
2531 0.0254 13
2532 0.0254 13
2533 0.0254 15
2534 0.0254 14
2535 0.0254 15
2536 0.0254 10
2537 0.0254 16
2538 0.0254 10
2539 0.0254 11
2540 0.0255 11
2541 0.0255 10
2542 0.0255 10
2543 0.0255 11
2544 0.0255 11
2545 0.0255 13
2546 0.0255 11
2547 0.0255 13
2548 0.0255 11
2549 0.0255 11
2550 0.0256 13
2551 0.0256 14
2552 0.0256 13
2553 0.0256 11
2554 0.0256 13
2555 0.0256 13
2556 0.0256 16
2557 0.0256 12
2558 0.0256 19
2559 0.0256 12
2560 0.0257 16
2561 0.0257 15
2562 0.0257 11
2563 0.0257 11
2564 0.0257 15
2565 0.0257 8
2566 0.0257 14
2567 0.0257 11
2568 0.0257 13
2569 0.0257 13
2570 0.0258 11
2571 0.0258 12
2572 0.0258 13
2573 0.0258 11
2574 0.0258 15
2575 0.0258 11
2576 0.0258 16
2577 0.0258 13
2578 0.0258 14
2579 0.0258 14
2580 0.0259 14
2581 0.0259 13
2582 0.0259 11
2583 0.0259 16
2584 0.0259 11
2585 0.0259 11
2586 0.0259 13
2587 0.0259 13
2588 0.0259 11
2589 0.0259 10
2590 0.026 11
2591 0.026 11
2592 0.026 12
2593 0.026 12
2594 0.026 13
2595 0.026 16
2596 0.026 15
2597 0.026 15
2598 0.026 14
2599 0.026 14
2600 0.0261 14
2601 0.0261 12
2602 0.0261 16
2603 0.0261 11
2604 0.0261 13
2605 0.0261 9
2606 0.0261 13
2607 0.0261 15
2608 0.0261 12
2609 0.0261 12
2610 0.0262 13
2611 0.0262 12
2612 0.0262 13
2613 0.0262 13
2614 0.0262 11
2615 0.0262 14
2616 0.0262 11
2617 0.0262 10
2618 0.0262 10
2619 0.0262 11
2620 0.0263 11
2621 0.0263 9
2622 0.0263 14
2623 0.0263 13
2624 0.0263 13
2625 0.0263 11
2626 0.0263 15
2627 0.0263 14
2628 0.0263 12
2629 0.0263 14
2630 0.0264 9
2631 0.0264 11
2632 0.0264 12
2633 0.0264 13
2634 0.0264 10
2635 0.0264 14
2636 0.0264 12
2637 0.0264 11
2638 0.0264 12
2639 0.0264 13
2640 0.0265 14
2641 0.0265 13
2642 0.0265 12
2643 0.0265 9
2644 0.0265 13
2645 0.0265 11
2646 0.0265 12
2647 0.0265 10
2648 0.0265 14
2649 0.0265 14
2650 0.0266 12
2651 0.0266 11
2652 0.0266 11
2653 0.0266 12
2654 0.0266 15
2655 0.0266 13
2656 0.0266 8
2657 0.0266 13
2658 0.0266 12
2659 0.0266 11
2660 0.0267 15
2661 0.0267 11
2662 0.0267 13
2663 0.0267 8
2664 0.0267 11
2665 0.0267 13
2666 0.0267 12
2667 0.0267 14
2668 0.0267 9
2669 0.0267 9
2670 0.0268 11
2671 0.0268 12
2672 0.0268 14
2673 0.0268 13
2674 0.0268 10
2675 0.0268 15
2676 0.0268 11
2677 0.0268 14
2678 0.0268 12
2679 0.0268 10
2680 0.0269 15
2681 0.0269 15
2682 0.0269 9
2683 0.0269 11
2684 0.0269 14
2685 0.0269 11
2686 0.0269 10
2687 0.0269 14
2688 0.0269 12
2689 0.0269 10
2690 0.027 11
2691 0.027 11
2692 0.027 13
2693 0.027 12
2694 0.027 13
2695 0.027 10
2696 0.027 11
2697 0.027 11
2698 0.027 13
2699 0.027 11
2700 0.0271 12
2701 0.0271 11
2702 0.0271 14
2703 0.0271 11
2704 0.0271 6
2705 0.0271 13
2706 0.0271 13
2707 0.0271 13
2708 0.0271 11
2709 0.0271 10
2710 0.0272 8
2711 0.0272 11
2712 0.0272 13
2713 0.0272 10
2714 0.0272 11
2715 0.0272 10
2716 0.0272 10
2717 0.0272 12
2718 0.0272 12
2719 0.0272 15
2720 0.0273 11
2721 0.0273 10
2722 0.0273 11
2723 0.0273 11
2724 0.0273 14
2725 0.0273 13
2726 0.0273 12
2727 0.0273 11
2728 0.0273 9
2729 0.0273 12
2730 0.0274 11
2731 0.0274 12
2732 0.0274 10
2733 0.0274 13
2734 0.0274 14
2735 0.0274 12
2736 0.0274 13
2737 0.0274 12
2738 0.0274 10
2739 0.0274 13
2740 0.0275 11
2741 0.0275 12
2742 0.0275 12
2743 0.0275 12
2744 0.0275 11
2745 0.0275 14
2746 0.0275 12
2747 0.0275 8
2748 0.0275 10
2749 0.0275 11
2750 0.0276 11
2751 0.0276 10
2752 0.0276 13
2753 0.0276 10
2754 0.0276 12
2755 0.0276 12
2756 0.0276 9
2757 0.0276 11
2758 0.0276 11
2759 0.0276 11
2760 0.0277 11
2761 0.0277 9
2762 0.0277 13
2763 0.0277 12
2764 0.0277 11
2765 0.0277 10
2766 0.0277 11
2767 0.0277 11
2768 0.0277 12
2769 0.0277 16
2770 0.0278 10
2771 0.0278 12
2772 0.0278 10
2773 0.0278 15
2774 0.0278 11
2775 0.0278 12
2776 0.0278 9
2777 0.0278 12
2778 0.0278 13
2779 0.0278 10
2780 0.0279 14
2781 0.0279 11
2782 0.0279 7
2783 0.0279 12
2784 0.0279 11
2785 0.0279 10
2786 0.0279 12
2787 0.0279 11
2788 0.0279 10
2789 0.0279 16
2790 0.028 15
2791 0.028 11
2792 0.028 11
2793 0.028 11
2794 0.028 9
2795 0.028 10
2796 0.028 12
2797 0.028 8
2798 0.028 10
2799 0.028 12
2800 0.0281 10
2801 0.0281 14
2802 0.0281 13
2803 0.0281 9
2804 0.0281 9
2805 0.0281 12
2806 0.0281 11
2807 0.0281 9
2808 0.0281 13
2809 0.0281 10
2810 0.0282 10
2811 0.0282 10
2812 0.0282 11
2813 0.0282 10
2814 0.0282 10
2815 0.0282 14
2816 0.0282 11
2817 0.0282 10
2818 0.0282 13
2819 0.0282 10
2820 0.0283 13
2821 0.0283 11
2822 0.0283 9
2823 0.0283 12
2824 0.0283 12
2825 0.0283 10
2826 0.0283 10
2827 0.0283 12
2828 0.0283 13
2829 0.0283 9
2830 0.0284 9
2831 0.0284 9
2832 0.0284 12
2833 0.0284 11
2834 0.0284 15
2835 0.0284 10
2836 0.0284 13
2837 0.0284 9
2838 0.0284 11
2839 0.0284 10
2840 0.0285 12
2841 0.0285 10
2842 0.0285 13
2843 0.0285 7
2844 0.0285 12
2845 0.0285 12
2846 0.0285 10
2847 0.0285 13
2848 0.0285 10
2849 0.0285 11
2850 0.0286 9
2851 0.0286 14
2852 0.0286 9
2853 0.0286 8
2854 0.0286 13
2855 0.0286 14
2856 0.0286 10
2857 0.0286 16
2858 0.0286 12
2859 0.0286 11
2860 0.0287 12
2861 0.0287 12
2862 0.0287 11
2863 0.0287 11
2864 0.0287 14
2865 0.0287 10
2866 0.0287 12
2867 0.0287 12
2868 0.0287 10
2869 0.0287 11
2870 0.0288 11
2871 0.0288 14
2872 0.0288 11
2873 0.0288 11
2874 0.0288 13
2875 0.0288 10
2876 0.0288 7
2877 0.0288 9
2878 0.0288 13
2879 0.0288 11
2880 0.0289 10
2881 0.0289 8
2882 0.0289 11
2883 0.0289 10
2884 0.0289 11
2885 0.0289 12
2886 0.0289 15
2887 0.0289 8
2888 0.0289 12
2889 0.0289 12
2890 0.029 12
2891 0.029 10
2892 0.029 11
2893 0.029 11
2894 0.029 11
2895 0.029 7
2896 0.029 13
2897 0.029 12
2898 0.029 13
2899 0.029 13
2900 0.0291 9
2901 0.0291 11
2902 0.0291 13
2903 0.0291 12
2904 0.0291 10
2905 0.0291 10
2906 0.0291 10
2907 0.0291 9
2908 0.0291 10
2909 0.0291 11
2910 0.0292 12
2911 0.0292 13
2912 0.0292 9
2913 0.0292 12
2914 0.0292 10
2915 0.0292 10
2916 0.0292 11
2917 0.0292 11
2918 0.0292 10
2919 0.0292 10
2920 0.0293 9
2921 0.0293 12
2922 0.0293 12
2923 0.0293 10
2924 0.0293 8
2925 0.0293 8
2926 0.0293 15
2927 0.0293 12
2928 0.0293 11
2929 0.0293 11
2930 0.0294 9
2931 0.0294 10
2932 0.0294 11
2933 0.0294 11
2934 0.0294 11
2935 0.0294 8
2936 0.0294 11
2937 0.0294 9
2938 0.0294 11
2939 0.0294 10
2940 0.0295 14
2941 0.0295 12
2942 0.0295 10
2943 0.0295 9
2944 0.0295 9
2945 0.0295 10
2946 0.0295 9
2947 0.0295 9
2948 0.0295 10
2949 0.0295 13
2950 0.0296 8
2951 0.0296 8
2952 0.0296 9
2953 0.0296 8
2954 0.0296 10
2955 0.0296 12
2956 0.0296 13
2957 0.0296 9
2958 0.0296 11
2959 0.0296 9
2960 0.0297 12
2961 0.0297 9
2962 0.0297 11
2963 0.0297 9
2964 0.0297 9
2965 0.0297 10
2966 0.0297 14
2967 0.0297 9
2968 0.0297 8
2969 0.0297 10
2970 0.0298 12
2971 0.0298 10
2972 0.0298 10
2973 0.0298 12
2974 0.0298 10
2975 0.0298 10
2976 0.0298 9
2977 0.0298 10
2978 0.0298 10
2979 0.0298 14
2980 0.0299 10
2981 0.0299 11
2982 0.0299 12
2983 0.0299 9
2984 0.0299 9
2985 0.0299 9
2986 0.0299 9
2987 0.0299 10
2988 0.0299 12
2989 0.0299 13
2990 0.03 11
2991 0.03 8
2992 0.03 11
2993 0.03 10
2994 0.03 12
2995 0.03 12
2996 0.03 10
2997 0.03 11
2998 0.03 10
2999 0.03 10
3000 0.0301 10
3001 0.0301 12
3002 0.0301 10
3003 0.0301 11
3004 0.0301 10
3005 0.0301 11
3006 0.0301 9
3007 0.0301 13
3008 0.0301 9
3009 0.0301 13
3010 0.0302 8
3011 0.0302 9
3012 0.0302 10
3013 0.0302 9
3014 0.0302 10
3015 0.0302 9
3016 0.0302 12
3017 0.0302 9
3018 0.0302 11
3019 0.0302 12
3020 0.0303 12
3021 0.0303 13
3022 0.0303 11
3023 0.0303 11
3024 0.0303 10
3025 0.0303 9
3026 0.0303 14
3027 0.0303 10
3028 0.0303 10
3029 0.0303 10
3030 0.0304 10
3031 0.0304 13
3032 0.0304 10
3033 0.0304 8
3034 0.0304 12
3035 0.0304 10
3036 0.0304 11
3037 0.0304 8
3038 0.0304 10
3039 0.0304 10
3040 0.0305 11
3041 0.0305 10
3042 0.0305 11
3043 0.0305 10
3044 0.0305 9
3045 0.0305 9
3046 0.0305 10
3047 0.0305 11
3048 0.0305 8
3049 0.0305 12
3050 0.0306 9
3051 0.0306 8
3052 0.0306 11
3053 0.0306 9
3054 0.0306 7
3055 0.0306 14
3056 0.0306 9
3057 0.0306 10
3058 0.0306 10
3059 0.0306 8
3060 0.0307 9
3061 0.0307 9
3062 0.0307 11
3063 0.0307 9
3064 0.0307 8
3065 0.0307 10
3066 0.0307 9
3067 0.0307 11
3068 0.0307 11
3069 0.0307 9
3070 0.0308 11
3071 0.0308 9
3072 0.0308 11
3073 0.0308 11
3074 0.0308 9
3075 0.0308 11
3076 0.0308 10
3077 0.0308 11
3078 0.0308 10
3079 0.0308 9
3080 0.0309 10
3081 0.0309 11
3082 0.0309 7
3083 0.0309 9
3084 0.0309 11
3085 0.0309 10
3086 0.0309 10
3087 0.0309 11
3088 0.0309 11
3089 0.0309 8
3090 0.031 10
3091 0.031 11
3092 0.031 10
3093 0.031 10
3094 0.031 10
3095 0.031 9
3096 0.031 8
3097 0.031 11
3098 0.031 13
3099 0.031 11
3100 0.0311 10
3101 0.0311 8
3102 0.0311 9
3103 0.0311 10
3104 0.0311 11
3105 0.0311 8
3106 0.0311 8
3107 0.0311 9
3108 0.0311 10
3109 0.0311 10
3110 0.0312 8
3111 0.0312 9
3112 0.0312 9
3113 0.0312 10
3114 0.0312 8
3115 0.0312 13
3116 0.0312 14
3117 0.0312 12
3118 0.0312 10
3119 0.0312 9
3120 0.0313 11
3121 0.0313 10
3122 0.0313 11
3123 0.0313 11
3124 0.0313 8
3125 0.0313 9
3126 0.0313 9
3127 0.0313 12
3128 0.0313 13
3129 0.0313 8
3130 0.0314 9
3131 0.0314 9
3132 0.0314 10
3133 0.0314 8
3134 0.0314 6
3135 0.0314 11
3136 0.0314 9
3137 0.0314 8
3138 0.0314 13
3139 0.0314 10
3140 0.0315 8
3141 0.0315 11
3142 0.0315 9
3143 0.0315 9
3144 0.0315 11
3145 0.0315 10
3146 0.0315 7
3147 0.0315 10
3148 0.0315 10
3149 0.0315 10
3150 0.0316 8
3151 0.0316 9
3152 0.0316 8
3153 0.0316 9
3154 0.0316 11
3155 0.0316 11
3156 0.0316 10
3157 0.0316 12
3158 0.0316 9
3159 0.0316 11
3160 0.0317 10
3161 0.0317 9
3162 0.0317 10
3163 0.0317 9
3164 0.0317 9
3165 0.0317 11
3166 0.0317 11
3167 0.0317 8
3168 0.0317 11
3169 0.0317 10
3170 0.0318 9
3171 0.0318 10
3172 0.0318 10
3173 0.0318 12
3174 0.0318 11
3175 0.0318 9
3176 0.0318 7
3177 0.0318 8
3178 0.0318 8
3179 0.0318 13
3180 0.0319 9
3181 0.0319 9
3182 0.0319 13
3183 0.0319 11
3184 0.0319 8
3185 0.0319 10
3186 0.0319 10
3187 0.0319 7
3188 0.0319 9
3189 0.0319 13
3190 0.032 10
3191 0.032 12
3192 0.032 8
3193 0.032 9
3194 0.032 8
3195 0.032 7
3196 0.032 10
3197 0.032 9
3198 0.032 10
3199 0.032 11
3200 0.0321 9
3201 0.0321 8
3202 0.0321 10
3203 0.0321 11
3204 0.0321 12
3205 0.0321 8
3206 0.0321 10
3207 0.0321 11
3208 0.0321 9
3209 0.0321 7
3210 0.0322 10
3211 0.0322 10
3212 0.0322 8
3213 0.0322 9
3214 0.0322 11
3215 0.0322 8
3216 0.0322 10
3217 0.0322 10
3218 0.0322 9
3219 0.0322 9
3220 0.0323 9
3221 0.0323 9
3222 0.0323 10
3223 0.0323 11
3224 0.0323 9
3225 0.0323 10
3226 0.0323 9
3227 0.0323 9
3228 0.0323 11
3229 0.0323 8
3230 0.0324 7
3231 0.0324 10
3232 0.0324 8
3233 0.0324 9
3234 0.0324 7
3235 0.0324 12
3236 0.0324 9
3237 0.0324 8
3238 0.0324 9
3239 0.0324 9
3240 0.0325 9
3241 0.0325 10
3242 0.0325 9
3243 0.0325 9
3244 0.0325 8
3245 0.0325 9
3246 0.0325 8
3247 0.0325 6
3248 0.0325 6
3249 0.0325 9
3250 0.0326 10
3251 0.0326 9
3252 0.0326 9
3253 0.0326 9
3254 0.0326 9
3255 0.0326 11
3256 0.0326 7
3257 0.0326 11
3258 0.0326 12
3259 0.0326 9
3260 0.0327 12
3261 0.0327 8
3262 0.0327 8
3263 0.0327 11
3264 0.0327 8
3265 0.0327 11
3266 0.0327 11
3267 0.0327 9
3268 0.0327 8
3269 0.0327 10
3270 0.0328 12
3271 0.0328 9
3272 0.0328 10
3273 0.0328 11
3274 0.0328 8
3275 0.0328 9
3276 0.0328 10
3277 0.0328 7
3278 0.0328 10
3279 0.0328 9
3280 0.0329 8
3281 0.0329 7
3282 0.0329 11
3283 0.0329 7
3284 0.0329 11
3285 0.0329 10
3286 0.0329 9
3287 0.0329 9
3288 0.0329 9
3289 0.0329 8
3290 0.033 9
3291 0.033 8
3292 0.033 9
3293 0.033 8
3294 0.033 7
3295 0.033 11
3296 0.033 11
3297 0.033 9
3298 0.033 11
3299 0.033 9
3300 0.0331 12
3301 0.0331 8
3302 0.0331 10
3303 0.0331 10
3304 0.0331 8
3305 0.0331 10
3306 0.0331 9
3307 0.0331 12
3308 0.0331 10
3309 0.0331 9
3310 0.0332 6
3311 0.0332 10
3312 0.0332 8
3313 0.0332 9
3314 0.0332 11
3315 0.0332 9
3316 0.0332 8
3317 0.0332 9
3318 0.0332 8
3319 0.0332 7
3320 0.0333 12
3321 0.0333 9
3322 0.0333 8
3323 0.0333 9
3324 0.0333 8
3325 0.0333 11
3326 0.0333 9
3327 0.0333 11
3328 0.0333 7
3329 0.0333 11
3330 0.0334 7
3331 0.0334 8
3332 0.0334 6
3333 0.0334 8
3334 0.0334 10
3335 0.0334 8
3336 0.0334 11
3337 0.0334 9
3338 0.0334 11
3339 0.0334 10
3340 0.0335 9
3341 0.0335 7
3342 0.0335 7
3343 0.0335 11
3344 0.0335 9
3345 0.0335 8
3346 0.0335 6
3347 0.0335 9
3348 0.0335 9
3349 0.0335 9
3350 0.0336 9
3351 0.0336 9
3352 0.0336 8
3353 0.0336 7
3354 0.0336 7
3355 0.0336 8
3356 0.0336 7
3357 0.0336 10
3358 0.0336 11
3359 0.0336 8
3360 0.0337 7
3361 0.0337 9
3362 0.0337 9
3363 0.0337 8
3364 0.0337 12
3365 0.0337 12
3366 0.0337 7
3367 0.0337 10
3368 0.0337 8
3369 0.0337 11
3370 0.0338 9
3371 0.0338 9
3372 0.0338 8
3373 0.0338 8
3374 0.0338 9
3375 0.0338 8
3376 0.0338 7
3377 0.0338 9
3378 0.0338 10
3379 0.0338 8
3380 0.0339 9
3381 0.0339 11
3382 0.0339 8
3383 0.0339 8
3384 0.0339 6
3385 0.0339 9
3386 0.0339 10
3387 0.0339 9
3388 0.0339 7
3389 0.0339 10
3390 0.034 11
3391 0.034 8
3392 0.034 7
3393 0.034 7
3394 0.034 9
3395 0.034 8
3396 0.034 8
3397 0.034 8
3398 0.034 8
3399 0.034 8
3400 0.0341 9
3401 0.0341 9
3402 0.0341 11
3403 0.0341 8
3404 0.0341 7
3405 0.0341 8
3406 0.0341 8
3407 0.0341 7
3408 0.0341 8
3409 0.0341 7
3410 0.0342 6
3411 0.0342 10
3412 0.0342 7
3413 0.0342 8
3414 0.0342 9
3415 0.0342 9
3416 0.0342 10
3417 0.0342 11
3418 0.0342 8
3419 0.0342 8
3420 0.0343 9
3421 0.0343 8
3422 0.0343 8
3423 0.0343 8
3424 0.0343 11
3425 0.0343 10
3426 0.0343 9
3427 0.0343 8
3428 0.0343 9
3429 0.0343 11
3430 0.0344 10
3431 0.0344 10
3432 0.0344 8
3433 0.0344 7
3434 0.0344 10
3435 0.0344 10
3436 0.0344 12
3437 0.0344 8
3438 0.0344 11
3439 0.0344 10
3440 0.0345 8
3441 0.0345 6
3442 0.0345 9
3443 0.0345 7
3444 0.0345 9
3445 0.0345 7
3446 0.0345 9
3447 0.0345 9
3448 0.0345 8
3449 0.0345 8
3450 0.0346 8
3451 0.0346 9
3452 0.0346 9
3453 0.0346 10
3454 0.0346 8
3455 0.0346 11
3456 0.0346 7
3457 0.0346 8
3458 0.0346 9
3459 0.0346 8
3460 0.0347 10
3461 0.0347 11
3462 0.0347 8
3463 0.0347 8
3464 0.0347 8
3465 0.0347 8
3466 0.0347 8
3467 0.0347 8
3468 0.0347 8
3469 0.0347 9
3470 0.0348 10
3471 0.0348 6
3472 0.0348 8
3473 0.0348 11
3474 0.0348 8
3475 0.0348 7
3476 0.0348 7
3477 0.0348 6
3478 0.0348 8
3479 0.0348 10
3480 0.0349 8
3481 0.0349 8
3482 0.0349 8
3483 0.0349 8
3484 0.0349 7
3485 0.0349 7
3486 0.0349 8
3487 0.0349 8
3488 0.0349 9
3489 0.0349 7
3490 0.035 9
3491 0.035 9
3492 0.035 6
3493 0.035 9
3494 0.035 9
3495 0.035 8
3496 0.035 9
3497 0.035 11
3498 0.035 9
3499 0.035 8
3500 0.0351 7
3501 0.0351 8
3502 0.0351 8
3503 0.0351 9
3504 0.0351 7
3505 0.0351 8
3506 0.0351 8
3507 0.0351 8
3508 0.0351 9
3509 0.0351 7
3510 0.0352 10
3511 0.0352 9
3512 0.0352 10
3513 0.0352 11
3514 0.0352 11
3515 0.0352 9
3516 0.0352 10
3517 0.0352 7
3518 0.0352 8
3519 0.0352 10
3520 0.0353 9
3521 0.0353 9
3522 0.0353 7
3523 0.0353 7
3524 0.0353 9
3525 0.0353 7
3526 0.0353 9
3527 0.0353 7
3528 0.0353 8
3529 0.0353 7
3530 0.0354 7
3531 0.0354 9
3532 0.0354 9
3533 0.0354 8
3534 0.0354 6
3535 0.0354 8
3536 0.0354 9
3537 0.0354 10
3538 0.0354 7
3539 0.0354 8
3540 0.0355 8
3541 0.0355 8
3542 0.0355 10
3543 0.0355 11
3544 0.0355 8
3545 0.0355 7
3546 0.0355 8
3547 0.0355 8
3548 0.0355 9
3549 0.0355 8
3550 0.0356 7
3551 0.0356 9
3552 0.0356 9
3553 0.0356 7
3554 0.0356 8
3555 0.0356 8
3556 0.0356 7
3557 0.0356 8
3558 0.0356 9
3559 0.0356 9
3560 0.0357 9
3561 0.0357 8
3562 0.0357 8
3563 0.0357 10
3564 0.0357 6
3565 0.0357 7
3566 0.0357 9
3567 0.0357 8
3568 0.0357 8
3569 0.0357 9
3570 0.0358 6
3571 0.0358 8
3572 0.0358 10
3573 0.0358 8
3574 0.0358 9
3575 0.0358 11
3576 0.0358 7
3577 0.0358 8
3578 0.0358 9
3579 0.0358 8
3580 0.0359 9
3581 0.0359 7
3582 0.0359 9
3583 0.0359 9
3584 0.0359 8
3585 0.0359 9
3586 0.0359 9
3587 0.0359 9
3588 0.0359 11
3589 0.0359 8
3590 0.036 6
3591 0.036 7
3592 0.036 7
3593 0.036 7
3594 0.036 7
3595 0.036 6
3596 0.036 8
3597 0.036 8
3598 0.036 7
3599 0.036 8
3600 0.0361 8
3601 0.0361 7
3602 0.0361 9
3603 0.0361 6
3604 0.0361 10
3605 0.0361 8
3606 0.0361 7
3607 0.0361 8
3608 0.0361 7
3609 0.0361 8
3610 0.0362 12
3611 0.0362 7
3612 0.0362 10
3613 0.0362 7
3614 0.0362 6
3615 0.0362 9
3616 0.0362 11
3617 0.0362 11
3618 0.0362 8
3619 0.0362 8
3620 0.0363 7
3621 0.0363 7
3622 0.0363 8
3623 0.0363 8
3624 0.0363 12
3625 0.0363 6
3626 0.0363 8
3627 0.0363 8
3628 0.0363 8
3629 0.0363 8
3630 0.0364 8
3631 0.0364 9
3632 0.0364 7
3633 0.0364 7
3634 0.0364 7
3635 0.0364 8
3636 0.0364 8
3637 0.0364 7
3638 0.0364 8
3639 0.0364 8
3640 0.0365 9
3641 0.0365 7
3642 0.0365 8
3643 0.0365 10
3644 0.0365 8
3645 0.0365 6
3646 0.0365 9
3647 0.0365 7
3648 0.0365 8
3649 0.0365 6
3650 0.0366 9
3651 0.0366 7
3652 0.0366 9
3653 0.0366 9
3654 0.0366 8
3655 0.0366 7
3656 0.0366 7
3657 0.0366 10
3658 0.0366 7
3659 0.0366 8
3660 0.0367 7
3661 0.0367 8
3662 0.0367 9
3663 0.0367 10
3664 0.0367 9
3665 0.0367 7
3666 0.0367 8
3667 0.0367 8
3668 0.0367 10
3669 0.0367 9
3670 0.0368 10
3671 0.0368 8
3672 0.0368 6
3673 0.0368 8
3674 0.0368 6
3675 0.0368 10
3676 0.0368 8
3677 0.0368 5
3678 0.0368 9
3679 0.0368 7
3680 0.0369 7
3681 0.0369 7
3682 0.0369 8
3683 0.0369 6
3684 0.0369 10
3685 0.0369 5
3686 0.0369 6
3687 0.0369 6
3688 0.0369 7
3689 0.0369 9
3690 0.037 8
3691 0.037 7
3692 0.037 8
3693 0.037 6
3694 0.037 7
3695 0.037 6
3696 0.037 8
3697 0.037 9
3698 0.037 7
3699 0.037 7
3700 0.0371 8
3701 0.0371 9
3702 0.0371 7
3703 0.0371 7
3704 0.0371 9
3705 0.0371 8
3706 0.0371 10
3707 0.0371 8
3708 0.0371 11
3709 0.0371 9
3710 0.0372 7
3711 0.0372 7
3712 0.0372 8
3713 0.0372 8
3714 0.0372 10
3715 0.0372 7
3716 0.0372 7
3717 0.0372 8
3718 0.0372 7
3719 0.0372 8
3720 0.0373 8
3721 0.0373 7
3722 0.0373 8
3723 0.0373 7
3724 0.0373 7
3725 0.0373 8
3726 0.0373 7
3727 0.0373 9
3728 0.0373 9
3729 0.0373 8
3730 0.0374 8
3731 0.0374 8
3732 0.0374 8
3733 0.0374 6
3734 0.0374 8
3735 0.0374 8
3736 0.0374 10
3737 0.0374 5
3738 0.0374 7
3739 0.0374 8
3740 0.0375 7
3741 0.0375 8
3742 0.0375 7
3743 0.0375 8
3744 0.0375 8
3745 0.0375 8
3746 0.0375 5
3747 0.0375 8
3748 0.0375 7
3749 0.0375 7
3750 0.0376 8
3751 0.0376 9
3752 0.0376 6
3753 0.0376 8
3754 0.0376 5
3755 0.0376 7
3756 0.0376 8
3757 0.0376 6
3758 0.0376 6
3759 0.0376 10
3760 0.0377 7
3761 0.0377 6
3762 0.0377 9
3763 0.0377 6
3764 0.0377 10
3765 0.0377 6
3766 0.0377 8
3767 0.0377 7
3768 0.0377 7
3769 0.0377 7
3770 0.0378 8
3771 0.0378 7
3772 0.0378 8
3773 0.0378 8
3774 0.0378 8
3775 0.0378 8
3776 0.0378 7
3777 0.0378 6
3778 0.0378 8
3779 0.0378 10
3780 0.0379 7
3781 0.0379 6
3782 0.0379 7
3783 0.0379 7
3784 0.0379 6
3785 0.0379 7
3786 0.0379 9
3787 0.0379 9
3788 0.0379 7
3789 0.0379 7
3790 0.038 7
3791 0.038 6
3792 0.038 8
3793 0.038 8
3794 0.038 8
3795 0.038 8
3796 0.038 8
3797 0.038 9
3798 0.038 6
3799 0.038 9
3800 0.0381 7
3801 0.0381 7
3802 0.0381 8
3803 0.0381 8
3804 0.0381 7
3805 0.0381 6
3806 0.0381 7
3807 0.0381 7
3808 0.0381 9
3809 0.0381 7
3810 0.0382 7
3811 0.0382 9
3812 0.0382 7
3813 0.0382 7
3814 0.0382 9
3815 0.0382 8
3816 0.0382 9
3817 0.0382 7
3818 0.0382 6
3819 0.0382 9
3820 0.0383 8
3821 0.0383 10
3822 0.0383 7
3823 0.0383 6
3824 0.0383 7
3825 0.0383 8
3826 0.0383 7
3827 0.0383 8
3828 0.0383 6
3829 0.0383 7
3830 0.0384 7
3831 0.0384 7
3832 0.0384 7
3833 0.0384 7
3834 0.0384 7
3835 0.0384 7
3836 0.0384 7
3837 0.0384 7
3838 0.0384 9
3839 0.0384 7
3840 0.0385 9
3841 0.0385 8
3842 0.0385 6
3843 0.0385 7
3844 0.0385 8
3845 0.0385 8
3846 0.0385 7
3847 0.0385 7
3848 0.0385 8
3849 0.0385 6
3850 0.0386 6
3851 0.0386 7
3852 0.0386 7
3853 0.0386 8
3854 0.0386 8
3855 0.0386 6
3856 0.0386 8
3857 0.0386 6
3858 0.0386 7
3859 0.0386 7
3860 0.0387 6
3861 0.0387 7
3862 0.0387 7
3863 0.0387 8
3864 0.0387 10
3865 0.0387 7
3866 0.0387 8
3867 0.0387 6
3868 0.0387 6
3869 0.0387 7
3870 0.0388 7
3871 0.0388 6
3872 0.0388 8
3873 0.0388 8
3874 0.0388 8
3875 0.0388 5
3876 0.0388 7
3877 0.0388 8
3878 0.0388 7
3879 0.0388 8
3880 0.0389 6
3881 0.0389 7
3882 0.0389 7
3883 0.0389 9
3884 0.0389 7
3885 0.0389 7
3886 0.0389 8
3887 0.0389 6
3888 0.0389 7
3889 0.0389 6
3890 0.039 8
3891 0.039 9
3892 0.039 6
3893 0.039 7
3894 0.039 8
3895 0.039 10
3896 0.039 7
3897 0.039 8
3898 0.039 7
3899 0.039 6
3900 0.0391 7
3901 0.0391 6
3902 0.0391 6
3903 0.0391 6
3904 0.0391 7
3905 0.0391 7
3906 0.0391 7
3907 0.0391 9
3908 0.0391 6
3909 0.0391 9
3910 0.0392 8
3911 0.0392 7
3912 0.0392 7
3913 0.0392 8
3914 0.0392 8
3915 0.0392 9
3916 0.0392 6
3917 0.0392 6
3918 0.0392 9
3919 0.0392 8
3920 0.0393 6
3921 0.0393 8
3922 0.0393 8
3923 0.0393 6
3924 0.0393 8
3925 0.0393 8
3926 0.0393 6
3927 0.0393 5
3928 0.0393 6
3929 0.0393 6
3930 0.0394 8
3931 0.0394 6
3932 0.0394 6
3933 0.0394 7
3934 0.0394 8
3935 0.0394 7
3936 0.0394 5
3937 0.0394 7
3938 0.0394 7
3939 0.0394 8
3940 0.0395 7
3941 0.0395 7
3942 0.0395 6
3943 0.0395 8
3944 0.0395 8
3945 0.0395 8
3946 0.0395 8
3947 0.0395 7
3948 0.0395 7
3949 0.0395 7
3950 0.0396 7
3951 0.0396 8
3952 0.0396 6
3953 0.0396 7
3954 0.0396 6
3955 0.0396 6
3956 0.0396 6
3957 0.0396 8
3958 0.0396 7
3959 0.0396 6
3960 0.0397 6
3961 0.0397 7
3962 0.0397 6
3963 0.0397 7
3964 0.0397 8
3965 0.0397 9
3966 0.0397 6
3967 0.0397 7
3968 0.0397 7
3969 0.0397 7
3970 0.0398 6
3971 0.0398 6
3972 0.0398 6
3973 0.0398 6
3974 0.0398 6
3975 0.0398 7
3976 0.0398 6
3977 0.0398 6
3978 0.0398 7
3979 0.0398 8
3980 0.0399 6
3981 0.0399 7
3982 0.0399 7
3983 0.0399 7
3984 0.0399 8
3985 0.0399 6
3986 0.0399 8
3987 0.0399 8
3988 0.0399 9
3989 0.0399 6
3990 0.04 7
3991 0.04 8
3992 0.04 7
3993 0.04 8
3994 0.04 8
3995 0.04 8
3996 0.04 7
3997 0.04 5
3998 0.04 6
3999 0.04 6
4000 0.0401 6
