1 0
2 0
3 0
4 0
5 0
6 0
7 0
8 0
9 0
10 0
11 0
12 0
13 0
14 0
15 2
16 0
17 2
18 0
19 0
20 0
21 0
22 1
23 0
24 4
25 5
26 0
27 0
28 0
29 1
30 0
31 15
32 4
33 0
34 3
35 0
36 13
37 0
38 0
39 0
40 33
41 16
42 27
43 1
44 0
45 4
46 37
47 3
48 0
49 58
50 10
51 0
52 2
53 23
54 0
55 7
56 12
57 45
58 11
59 45
60 13
61 10
62 33
63 97
64 12
65 20
66 20
67 18
68 0
69 54
70 1
71 12
72 0
73 2
74 52
75 24
76 23
77 1
78 51
79 31
80 11
81 7
82 50
83 33
84 2
85 14
86 60
87 1
88 25
89 180
90 1
91 0
92 61
93 1
94 4
95 24
96 65
97 10
98 7
99 25
100 0
101 80
102 345
103 0
104 40
105 15
106 30
107 131
108 109
109 4
110 45
111 4
112 402
113 4
114 25
115 29
116 59
117 0
118 0
119 50
120 66
121 0
122 0
123 3
124 13
125 49
126 49
127 12
128 16
129 42
130 28
131 0
132 10
133 0
134 98
135 48
136 1
137 10
138 219
139 1
140 69
141 553
142 0
143 21
144 197
145 88
146 8
147 743
148 46
149 70
150 0
151 6
152 0
153 311
154 27
155 19
156 21
157 73
158 13
159 0
160 3
161 69
162 687
163 5
164 247
165 2
166 61
167 0
168 40
169 3
170 274
171 290
172 1
173 55
174 225
175 297
176 1
177 1601
178 202
179 230
180 328
181 119
182 18
183 170
184 3
185 0
186 185
187 0
188 345
189 178
190 324
191 49
192 69
193 56
194 125
195 826
196 6
197 368
198 295
199 380
200 54
201 53
202 966
203 53
204 787
205 286
206 0
207 110
208 94
209 82
210 41
211 217
212 45
213 301
214 121
215 5
216 1430
217 121
218 357
219 313
220 516
221 3
222 497
223 22
224 169
225 12
226 16
227 266
228 649
229 19
230 6
231 1139
232 0
233 498
234 3
235 10
236 0
237 11
238 0
239 650
240 1
241 52
242 278
243 76
244 1108
245 1565
246 314
247 189
248 2
249 196
250 6
251 1404
252 35
253 64
254 264
255 22
256 224
257 812
258 0
259 0
260 74
261 25
262 155
263 725
264 3
265 334
266 247
267 337
268 15
269 48
270 269
271 336
272 161
273 660
274 486
275 695
276 1707
277 404
278 179
279 1
280 624
281 76
282 1122
283 0
284 122
285 788
286 156
287 0
288 111
289 191
290 247
291 723
292 67
293 423
294 1
295 72
296 1230
297 48
298 116
299 0
300 168
301 2
302 297
303 0
304 1291
305 102
306 28
307 68
308 736
309 193
310 9
311 1080
312 14
313 2
314 222
315 80
316 1836
317 194
318 45
319 0
320 75
321 779
322 39
323 244
324 303
325 52
326 482
327 423
328 2924
329 124
330 1726
331 49
332 1316
333 108
334 1604
335 2666
336 6
337 18
338 18
339 713
340 406
341 50
342 850
343 323
344 573
345 0
346 6
347 158
348 66
349 40
350 353
351 471
352 1767
353 911
354 1764
355 1152
356 62
357 153
358 260
359 724
360 154
361 230
362 3935
363 6267
364 2093
365 2313
366 199
367 61
368 526
369 2057
370 4
371 42
372 142
373 259
374 72
375 1
376 1170
377 66
378 58
379 779
380 222
381 617
382 211
383 368
384 1210
385 3154
386 35
387 246
388 520
389 11
390 0
391 42
392 31
393 465
394 988
395 721
396 46
397 40
398 2515
399 2621
400 975
401 187
402 2
403 2347
404 46
405 55
406 638
407 25
408 625
409 30
410 42
411 825
412 215
413 89
414 2036
415 2998
416 332
417 0
418 5668
419 1250
420 2728
421 2580
422 1304
423 784
424 585
425 1317
426 959
427 498
428 1735
429 189
430 1047
431 1703
432 76
433 679
434 1577
435 407
436 177
437 4
438 530
439 1311
440 27
441 406
442 0
443 944
444 4465
445 196
446 974
447 1285
448 291
449 2901
450 1623
451 90
452 3212
453 727
454 5467
455 3329
456 216
457 8
458 658
459 2939
460 3328
461 2361
462 422
463 251
464 4556
465 2538
466 816
467 44
468 123
469 1334
470 274
471 199
472 274
473 15
474 3
475 74
476 321
477 6896
478 830
479 293
480 9472
481 12
482 0
483 76
484 104
485 7011
486 1613
487 159
488 995
489 1438
490 200
491 5232
492 74
493 205
494 123
495 603
496 40
497 233
498 4779
499 13
500 586
501 363
502 1125
503 710
504 340
505 0
506 21
507 5156
508 45
509 3826
510 81
511 189
512 4081
513 31
514 2077
515 1628
516 147
517 150
518 3577
519 397
520 252
521 3750
522 2151
523 752
524 6524
525 625
526 1358
527 523
528 1015
529 3
530 5968
531 5954
532 878
533 3
534 4804
535 181
536 620
537 251
538 42
539 6
540 507
541 1178
542 7031
543 774
544 1186
545 538
546 579
547 2769
548 41
549 453
550 3126
551 1803
552 63
553 735
554 636
555 1141
556 386
557 641
558 4400
559 1463
560 2089
561 2305
562 3669
563 244
564 32
565 238
566 897
567 6277
568 85
569 0
570 1499
571 44
572 3322
573 556
574 1053
575 1426
576 104
577 3095
578 956
579 1007
580 727
581 7459
582 606
583 969
584 15
585 986
586 5482
587 276
588 3127
589 11506
590 3818
591 166
592 1540
593 79
594 339
595 2796
596 0
597 456
598 372
599 412
600 7015
601 185
602 13768
603 886
604 662
605 296
606 334
607 9
608 37
609 0
610 99
611 820
612 935
613 4
614 1148
615 1705
616 1396
617 30
618 1316
619 1526
620 1033
621 7
622 282
623 1973
624 9736
625 2635
626 34
627 1
628 6115
629 11684
630 141
631 540
632 115
633 66
634 61
635 8343
636 5346
637 436
638 613
639 1956
640 2219
641 9234
642 6093
643 0
644 794
645 1
646 8395
647 3368
648 624
649 13941
650 1423
651 1201
652 2404
653 5450
654 6469
655 624
656 6032
657 694
658 3986
659 3701
660 8175
661 4839
662 1615
663 3590
664 3518
665 2056
666 1865
667 3626
668 69
669 1693
670 10556
671 0
672 3203
673 48
674 4049
675 1127
676 6516
677 106
678 15043
679 2956
680 2426
681 0
682 7404
683 91
684 9487
685 9445
686 5621
687 1393
688 54
689 1493
690 50
691 13183
692 3803
693 2328
694 659
695 518
696 422
697 3499
698 2892
699 413
700 0
701 33
702 8795
703 2587
704 2008
705 352
706 154
707 0
708 856
709 1174
710 4912
711 4964
712 227
713 765
714 1785
715 14415
716 62
717 352
718 102
719 1175
720 292
721 4146
722 12723
723 2301
724 1636
725 6
726 595
727 378
728 1978
729 310
730 4632
731 1231
732 18956
733 43
734 4716
735 1059
736 2029
737 399
738 162
739 10142
740 1202
741 5146
742 1163
743 2521
744 3932
745 62
746 390
747 135
748 815
749 480
750 473
751 486
752 7637
753 2804
754 3999
755 10181
756 5367
757 29
758 2410
759 144
760 794
761 2750
762 1213
763 29504
764 1146
765 835
766 4296
767 587
768 8101
769 15412
770 19
771 829
772 3206
773 6073
774 280
775 58
776 766
777 41
778 1032
779 2552
780 1889
781 3829
782 51
783 167
784 2988
785 1264
786 1072
787 3
788 258
789 6
790 160
791 4951
792 22578
793 42
794 133
795 3413
796 703
797 2530
798 1
799 373
800 2200
801 500
802 4363
803 27915
804 4373
805 1078
806 192
807 6874
808 2633
809 103
810 6684
811 18
812 106
813 270
814 1705
815 820
816 732
817 113
818 8518
819 34
820 3776
821 137
822 1456
823 963
824 198
825 9484
826 34
827 7129
828 18539
829 348
830 0
831 2412
832 403
833 0
834 15077
835 4028
836 943
837 6685
838 111
839 337
840 35
841 12
842 458
843 4358
844 889
845 1432
846 1223
847 9602
848 3209
849 8014
850 15118
851 1399
852 1514
853 2751
854 10718
855 721
856 1537
857 2194
858 11
859 3653
860 457
861 223
862 44
863 478
864 1348
865 8393
866 1780
867 1736
868 0
869 60
870 386
871 694
872 2333
873 1669
874 2099
875 4230
876 11993
877 2178
878 5659
879 21
880 387
881 7993
882 7484
883 3896
884 4860
885 14
886 6788
887 662
888 20
889 2250
890 2995
891 21956
892 3803
893 175
894 2
895 1389
896 1272
897 2906
898 55
899 5334
900 2469
901 590
902 2683
903 13211
904 7
905 1255
906 5633
907 1005
908 165
909 3253
910 63
911 6829
912 73
913 2074
914 15397
915 2559
916 6735
917 14586
918 3
919 7441
920 2663
921 2567
922 50
923 2821
924 3
925 2679
926 284
927 1213
928 1860
929 1348
930 35
931 10970
932 16494
933 2412
934 6061
935 13144
936 661
937 5930
938 8519
939 8745
940 1245
941 4059
942 895
943 3892
944 76
945 1240
946 485
947 936
948 2288
949 446
950 76
951 3002
952 26268
953 6182
954 9127
955 18293
956 87
957 223
958 748
959 9218
960 561
961 3889
962 26302
963 6089
964 5479
965 219
966 6
967 3852
968 4748
969 911
970 19
971 8149
972 1972
973 24
974 2772
975 8446
976 9940
977 11718
978 2003
979 1047
980 1902
981 2326
982 3467
983 631
984 23911
985 1728
986 0
987 3104
988 8955
989 516
990 26852
991 2255
992 1515
993 6911
994 35
995 38
996 21505
997 17718
998 5013
999 1244
1000 35319
